tables/table-mean.ecsv
# %ECSV 0.9
# ---
# datatype:
# - {name: model, datatype: string}
# - {name: phase, datatype: string}
# - {name: z, datatype: string}
# - {name: mass, unit: solMass / (kpc2 yr), datatype: float64}
# - {name: mom_kin, datatype: float64}
# - {name: energy, unit: erg / (kpc2 yr), datatype: float64}
# - {name: metal, unit: solMass / (kpc2 yr), datatype: float64}
# - {name: metal_sn, unit: solMass / (kpc2 yr), datatype: float64}
# - {name: mass_loading, datatype: float64}
# - {name: mom_kin_loading, datatype: float64}
# - {name: energy_loading, datatype: float64}
# - {name: metal_loading, datatype: float64}
# - {name: metal_sn_loading, datatype: float64}
# - {name: vout_flux, unit: km / s, datatype: float64}
# - {name: vB, unit: km / s, datatype: float64}
# - {name: Z, datatype: float64}
# - {name: enrichment, datatype: float64}
# - {name: fmass_sn, datatype: float64}
# - {name: fmetal_sn, datatype: float64}
# - {name: H, unit: pc, datatype: float64}
# - {name: H_2p, unit: pc, datatype: float64}
# - {name: v3, unit: km / s, datatype: float64}
# - {name: v3_2p, unit: km / s, datatype: float64}
# - {name: sigma_eff, unit: km / s, datatype: float64}
# - {name: sfr10, unit: solMass / (kpc2 yr), datatype: float64}
# - {name: sfr40, unit: solMass / (kpc2 yr), datatype: float64}
# - {name: sfr100, unit: solMass / (kpc2 yr), datatype: float64}
# - {name: surf, unit: solMass / pc2, datatype: float64}
# - {name: nmid_2p, unit: 1 / cm3, datatype: float64}
# - {name: Pmid_2p, unit: K / cm3, datatype: float64}
# - {name: W_2p, unit: K / cm3, datatype: float64}
# - {name: tdep10, unit: Myr, datatype: float64}
# - {name: tdep40, unit: Myr, datatype: float64}
# - {name: tdep100, unit: Myr, datatype: float64}
# meta: !!omap
# - __serialized_columns__:
#     H:
#       __class__: astropy.units.quantity.Quantity
#       unit: &id001 !astropy.units.Unit {unit: pc}
#       value: !astropy.table.SerializedColumn {name: H}
#     H_2p:
#       __class__: astropy.units.quantity.Quantity
#       unit: *id001
#       value: !astropy.table.SerializedColumn {name: H_2p}
#     Pmid_2p:
#       __class__: astropy.units.quantity.Quantity
#       unit: !astropy.units.Unit {unit: K / cm3}
#       value: !astropy.table.SerializedColumn {name: Pmid_2p}
#     W_2p:
#       __class__: astropy.units.quantity.Quantity
#       unit: !astropy.units.Unit {unit: K / cm3}
#       value: !astropy.table.SerializedColumn {name: W_2p}
#     Z:
#       __class__: astropy.units.quantity.Quantity
#       unit: !astropy.units.Unit {unit: ''}
#       value: !astropy.table.SerializedColumn {name: Z}
#     energy:
#       __class__: astropy.units.quantity.Quantity
#       unit: !astropy.units.Unit {unit: erg / (kpc2 yr)}
#       value: !astropy.table.SerializedColumn {name: energy}
#     energy_loading:
#       __class__: astropy.units.quantity.Quantity
#       unit: !astropy.units.Unit {unit: ''}
#       value: !astropy.table.SerializedColumn {name: energy_loading}
#     enrichment:
#       __class__: astropy.units.quantity.Quantity
#       unit: !astropy.units.Unit {unit: ''}
#       value: !astropy.table.SerializedColumn {name: enrichment}
#     fmass_sn:
#       __class__: astropy.units.quantity.Quantity
#       unit: !astropy.units.Unit {unit: ''}
#       value: !astropy.table.SerializedColumn {name: fmass_sn}
#     fmetal_sn:
[...]
#     surf:
#       __class__: astropy.units.quantity.Quantity
#       unit: !astropy.units.Unit {unit: solMass / pc2}
#       value: !astropy.table.SerializedColumn {name: surf}
#     tdep10:
#       __class__: astropy.units.quantity.Quantity
#       unit: &id002 !astropy.units.Unit {unit: Myr}
#       value: !astropy.table.SerializedColumn {name: tdep10}
#     tdep100:
#       __class__: astropy.units.quantity.Quantity
#       unit: *id002
#       value: !astropy.table.SerializedColumn {name: tdep100}
#     tdep40:
#       __class__: astropy.units.quantity.Quantity
#       unit: *id002
#       value: !astropy.table.SerializedColumn {name: tdep40}
#     v3:
#       __class__: astropy.units.quantity.Quantity
#       unit: !astropy.units.Unit {unit: km / s}
#       value: !astropy.table.SerializedColumn {name: v3}
#     v3_2p:
#       __class__: astropy.units.quantity.Quantity
#       unit: !astropy.units.Unit {unit: km / s}
#       value: !astropy.table.SerializedColumn {name: v3_2p}
#     vB:
#       __class__: astropy.units.quantity.Quantity
#       unit: !astropy.units.Unit {unit: km / s}
#       value: !astropy.table.SerializedColumn {name: vB}
#     vout_flux:
#       __class__: astropy.units.quantity.Quantity
#       unit: !astropy.units.Unit {unit: km / s}
#       value: !astropy.table.SerializedColumn {name: vout_flux}
# schema: astropy-2.0
model phase z mass mom_kin energy metal metal_sn mass_loading mom_kin_loading energy_loading metal_loading metal_sn_loading vout_flux vB Z enrichment fmass_sn fmetal_sn H H_2p v3 v3_2p sigma_eff sfr10 sfr40 sfr100 surf nmid_2p Pmid_2p W_2p tdep10 tdep40 tdep100
[from data line 28]
R8 int 2H nan nan nan nan nan 0.18926576520384078 0.020164187042224602 0.0032676849456588783 0.21495664832802128 0.02206646432946086 nan nan nan nan nan nan 330.94505969950734 310.1049901600234 12.404373154355392 10.036805296303825 17.217055756047195 0.004270799490302867 0.004129668584254438 0.004011951007952602 10.298732224568708 1.29335588408967 19615.480002521246 18281.06505210203 6507.079618816314 4599.99812546632 7035.683337781747
R8 hot 2H nan nan nan nan nan 0.15440347655579714 0.053061016449986495 0.04665363761610084 0.22276241203309483 0.07060692763692587 nan nan nan nan nan nan 330.94505969950734 310.1049901600234 12.404373154355392 10.036805296303825 17.217055756047195 0.004270799490302867 0.004129668584254438 0.004011951007952602 10.298732224568708 1.29335588408967 19615.480002521246 18281.06505210203 6507.079618816314 4599.99812546632 7035.683337781747
R16 cool 2H 0.001778109221612525 0.024391865454390257 1.080995400387764e+43 3.5972246708028966e-05 2.347236503003361e-08 18.623654957752013 0.3893012085690216 0.010863455125565587 17.98979455137397 0.012081998794187428 9.871223846461806 22.111997298818444 0.020258293367768923 0.9996946059349384 0.00015587058040803707 0.0016824500364055037 699.9182716609296 690.8682583578351 6.481473496429894 6.039925062666125 9.793120365886242 5.159673927369734e-05 5.233796103970495e-05 4.5043603057153546e-05 2.4638073168589423 0.08742198503514179 636.0052315688696 636.1876487703312 nan nan nan
R16 int 2H 1.638150768140041e-05 0.0009231584535585138 2.5124792114584554e+42 3.536368227491478e-07 2.5326827190310178e-08 0.17861387871943626 0.014897656132365251 0.0024784074253779865 0.18409241247878666 0.013174877877069169 32.010842041505256 95.60576008043499 0.02212705973090384 1.0921374910346424 0.008395574607758652 0.09192864255968462 699.9182716609296 690.8682583578351 6.481473496429894 6.039925062666125 9.793120365886242 5.159673927369734e-05 5.233796103970495e-05 4.5043603057153546e-05 2.4638073168589423 0.08742198503514179 636.0052315688696 636.1876487703312 nan nan nan
R16 hot 2H 4.849092701863578e-06 0.0007685251193879721 1.4959252319339549e+43 1.4738164105250364e-07 5.503775774406059e-08 0.05188413682436921 0.012396291383495264 0.016379105600781166 0.07675178372324812 0.029741756023892847 nan nan nan nan 0.028236039378983713 nan 699.9182716609296 690.8682583578351 6.481473496429894 6.039925062666125 9.793120365886242 5.159673927369734e-05 5.233796103970495e-05 4.5043603057153546e-05 2.4638073168589423 0.08742198503514179 636.0052315688696 636.1876487703312 nan nan nan
LGR2 cool 2H 0.2679005898129948 19.06574555512366 2.4645838618021243e+46 0.009565529490694481 0.001262364051171438 0.5668064962548414 0.06097753828509736 0.004954414463378515 0.968588876878693 0.1271169574628428 67.5329010174686 92.88861703016222 0.036562666080976504 1.1334434740131905 0.025485209588489564 0.13905125304915902 316.4195074884766 310.7947123838118 31.236370310527494 24.90100852311839 40.40955604098313 0.4775937870021559 0.45150057069723776 0.4209752734788783 89.30191828067922 12.841425125428097 955678.7799601407 862162.107168869 1117.2415431195507 3598.931292196469 8715.823025140662
LGR2 int 2H 0.01634720727467412 2.460866446771691 6.961866684223554e+45 0.0006439508240676015 0.00014477549633713633 0.03440105844888575 0.007872449501719421 0.0014031691655259535 0.06499919178885391 0.014543725206723524 135.21342060713997 194.22312334261974 0.03949330257852517 1.227654349646465 0.04288669762529471 0.21835570946209548 316.4195074884766 310.7947123838118 31.236370310527494 24.90100852311839 40.40955604098313 0.4775937870021559 0.45150057069723776 0.4209752734788783 89.30191828067922 12.841425125428097 955678.7799601407 862162.107168869 1117.2415431195507 3598.931292196469 8715.823025140662
LGR2 hot 2H 0.030073700478215164 12.875022317454643 2.4984651397914146e+47 0.0016307332431157043 0.0007903571420634263 0.06326253094577061 0.0408155289022318 0.04980835620707755 0.16399850380754963 0.07897451606021483 368.3117445197565 797.0664845223191 0.05162300178472738 1.6141676978365576 0.11504963675194847 0.4390504883256463 316.4195074884766 310.7947123838118 31.236370310527494 24.90100852311839 40.40955604098313 0.4775937870021559 0.45150057069723776 0.4209752734788783 89.30191828067922 12.841425125428097 955678.7799601407 862162.107168869 1117.2415431195507 3598.931292196469 8715.823025140662
LGR4 cool 2H 0.10798743805116495 4.940005471388812 4.2271415917353045e+45 0.003005757969223844 0.00019200215900535883 1.203618178886704 0.08429220716406363 0.004544827759977938 1.6075911388294126 0.10486172891746816 36.255448635447436 53.9458148305053 0.028585061009989723 1.0623787116796621 0.009671925003991461 0.06774322852833052 389.50896146101564 385.0825095994741 22.43551370273425 18.67917719861356 27.727211647584333 0.08965010972274885 0.08476898378997827 0.07497050073755471 43.605678412495834 5.293077274022167 194611.42735759373 165252.00941169163 2216.1906653471156 4609.561580949383 10750.853597020165
LGR4 int 2H 0.005614331298324506 0.5948766833339364 1.4881867307476825e+45 0.00016774860298919504 2.2246446093650538e-05 0.0632688733690773 0.01019940394755 0.0016006603427779537 0.09055529119396344 0.012009929979195023 84.55779643150596 147.0242344624634 0.030339942755044046 1.1276145964651982 0.019506410847933347 0.12926528863921607 389.50896146101564 385.0825095994741 22.43551370273425 18.67917719861356 27.727211647584333 0.08965010972274885 0.08476898378997827 0.07497050073755471 43.605678412495834 5.293077274022167 194611.42735759373 165252.00941169163 2216.1906653471156 4609.561580949383 10750.853597020165
LGR4 hot 2H 0.007086426408026427 2.153180063110499 3.1355028096712964e+46 0.0002725611236812109 9.685376992872837e-05 0.07961908108277096 0.0368916136411312 0.033826064759650804 0.1466986713636216 0.05221550558663963 244.2377172599127 555.1864352238853 0.03767005335343366 1.4016389379203746 0.06036181603583231 0.32437841337965106 389.50896146101564 385.0825095994741 22.43551370273425 18.67917719861356 27.727211647584333 0.08965010972274885 0.08476898378997827 0.07497050073755471 43.605678412495834 5.293077274022167 194611.42735759373 165252.00941169163 2216.1906653471156 4609.561580949383 10750.853597020165
LGR8 cool 2H 0.012902811029651672 0.44309766562899244 2.7066913269570946e+44 0.0002895606675418133 9.259987614283027e-06 3.9387573394688915 0.20398366775146728 0.007776078256186181 4.218261428189834 0.1338483274923637 22.52191705469601 37.96850021553917 0.022251245202047697 1.0246607492111488 0.0028314733324887914 0.026977279567565113 513.907382333055 505.3035643558304 11.623414068088284 10.018881599742416 15.117583307356568 0.0030749974972345156 0.002890094236958763 0.002603961794996954 10.922672545517448 0.6876365383237064 9523.286913780808 8535.386090416665 8698.983739069876 9788.840919079601 16269.706516966611
LGR8 int 2H 0.0006169041369653137 0.04992573034799967 1.1586544671278746e+44 1.4595849912851647e-05 1.2834472389236804e-06 0.18745972463370478 0.022892138285772204 0.003338923361873581 0.21183026005398525 0.01864406125985655 52.790941823448314 129.55607824330752 0.024190538510051637 1.112150930379099 0.013704096717303351 0.11015644466848182 513.907382333055 505.3035643558304 11.623414068088284 10.018881599742416 15.117583307356568 0.0030749974972345156 0.002890094236958763 0.002603961794996954 10.922672545517448 0.6876365383237064 9523.286913780808 8535.386090416665 8698.983739069876 9788.840919079601 16269.706516966611
LGR8 hot 2H 0.0005665978575024786 0.14192605775467257 1.6175110171196533e+45 1.6580369616654168e-05 4.707458263610905e-06 0.1690151505383637 0.06383155737451743 0.04577960390918381 0.23622338367625623 0.06711953953935627 139.71736939606717 382.58746125955616 0.028369325682493594 1.3058330272502934 0.03482341492158054 0.2573158588989801 513.907382333055 505.3035643558304 11.623414068088284 10.018881599742416 15.117583307356568 0.0030749974972345156 0.002890094236958763 0.002603961794996954 10.922672545517448 0.6876365383237064 9523.286913780808 8535.386090416665 8698.983739069876 9788.840919079601 16269.706516966611
R2 cool 500 0.37597206012213175 33.41849031097694 5.802845945755312e+46 0.01490040796503669 0.0028252094550411913 0.3399109282789033 0.046124568813893506 0.005032430303353943 0.6425434883175898 0.1232808551043111 90.76374276797837 124.1557607678476 0.04082038889958657 1.1947281582468026 0.03848563634824553 0.1919379223046286 273.066333873284 265.07361846132784 44.69307160027206 33.43396314862976 56.10530126768007 0.9955325599224909 0.9405596884786906 0.6206093593781595 90.47690296361246 28.579345569010037 2497604.8781580594 1958046.4442151026 1279.7100254621237 4670.208107679293 11621.029026396718
R2 int 500 0.04908979267114962 7.914121424628203 2.483021062236725e+46 0.0020457205140874384 0.000509727661023149 0.04454554540866824 0.010879314946501899 0.0021388880367735927 0.08847227511814429 0.022190939634892274 157.22653156688625 219.86240848119922 0.043059077317665666 1.2612440568141996 0.05203796549992379 0.24521116539851304 273.066333873284 265.07361846132784 44.69307160027206 33.43396314862976 56.10530126768007 0.9955325599224909 0.9405596884786906 0.6206093593781595 90.47690296361246 28.579345569010037 2497604.8781580594 1958046.4442151026 1279.7100254621237 4670.208107679293 11621.029026396718
R2 hot 500 0.10491006077367292 58.04184311746587 1.7523060835295357e+48 0.007058441569769871 0.004250503825393714 0.09600474231605252 0.0806742885784784 0.15421875367054885 0.3089537683142401 0.18664690581351703 515.784789726842 1194.1089222137975 0.06560682075183132 1.9400340446967679 0.1882690022521992 0.5698497124553283 273.066333873284 265.07361846132784 44.69307160027206 33.43396314862976 56.10530126768007 0.9955325599224909 0.9405596884786906 0.6206093593781595 90.47690296361246 28.579345569010037 2497604.8781580594 1958046.4442151026 1279.7100254621237 4670.208107679293 11621.029026396718
R4 cool 500 0.109240305659109 6.5903504542112294 7.255240021310405e+45 0.0034292964827235956 0.0003895185758208688 0.8786717647333483 0.08036942544959774 0.00558144721409505 1.3210704594269642 0.14990100394609446 59.52153502904523 80.71392887414454 0.03323545000103877 1.1038773683253449 0.017888730118073057 0.10825119105392096 300.3239156099834 290.83586177942084 31.83518730349157 24.372303027001028 37.5187540173449 0.1404187177269351 0.1309376640557768 0.11569005204570054 32.9494737852447 7.48522922164953 372241.26409211784 295449.6087950561 880.7368704437375 1729.8360421080945 3966.283768592817
R4 int 500 0.012813796435347805 1.498526276754636 3.7654149883510634e+45 0.00043193820157272047 7.157379302407921e-05 0.10438048640541607 0.018492947753006504 0.0029239715943373645 0.16847393510255493 0.027808768859556195 112.2978924484901 166.9002954693662 0.03468180046997628 1.1528348409389877 0.026384983940872096 0.15344377792858876 300.3239156099834 290.83586177942084 31.83518730349157 24.372303027001028 37.5187540173449 0.1404187177269351 0.1309376640557768 0.11569005204570054 32.9494737852447 7.48522922164953 372241.26409211784 295449.6087950561 880.7368704437375 1729.8360421080945 3966.283768592817
R4 hot 500 0.023029281209164202 9.486729445074666 1.8138226661654126e+47 0.0011017042142671834 0.0005026381069528393 0.19123337967977633 0.11958284087247893 0.14250944940494067 0.4357000229378719 0.1972593987911533 360.8070458999222 746.3457902450582 0.045011887475761576 1.5098400682426296 0.08691254991235704 0.3747641472052136 300.3239156099834 290.83586177942084 31.83518730349157 24.372303027001028 37.5187540173449 0.1404187177269351 0.1309376640557768 0.11569005204570054 32.9494737852447 7.48522922164953 372241.26409211784 295449.6087950561 880.7368704437375 1729.8360421080945 3966.283768592817
R8 cool 500 nan nan nan nan nan 3.362838220626286 0.12451736130543359 0.005711003840457626 3.6005830691733998 0.15098296980074002 nan nan nan nan nan nan 330.94505969950734 310.1049901600234 12.404373154355392 10.036805296303825 17.217055756047195 0.004270799490302867 0.004129668584254438 0.004011951007952602 10.298732224568708 1.29335588408967 19615.480002521246 18281.06505210203 6507.079618816314 4599.99812546632 7035.683337781747
R8 int 500 nan nan nan nan nan 0.20841494517854303 0.022719566933455098 0.003745619619892613 0.23576034354869038 0.023470080869980838 nan nan nan nan nan nan 330.94505969950734 310.1049901600234 12.404373154355392 10.036805296303825 17.217055756047195 0.004270799490302867 0.004129668584254438 0.004011951007952602 10.298732224568708 1.29335588408967 19615.480002521246 18281.06505210203 6507.079618816314 4599.99812546632 7035.683337781747
R8 hot 500 nan nan nan nan nan 0.1838278057196268 0.0698719698416394 0.06725338462494054 0.27409188242672017 0.09437548220571944 nan nan nan nan nan nan 330.94505969950734 310.1049901600234 12.404373154355392 10.036805296303825 17.217055756047195 0.004270799490302867 0.004129668584254438 0.004011951007952602 10.298732224568708 1.29335588408967 19615.480002521246 18281.06505210203 6507.079618816314 4599.99812546632 7035.683337781747
R16 cool 500 0.006160111539998784 0.055279696269970584 2.853393423215493e+43 0.0001246512863785574 5.807560153806609e-08 62.70337525874458 0.8504408124038291 0.027563926211500698 60.58913960489439 0.027662700583647604 7.670976059209199 20.400696162811748 0.020266408534243333 1.0001815549218518 0.0002455328278644816 0.002402406419097806 699.9182716609296 690.8682583578351 6.481473496429894 6.039925062666125 9.793120365886242 5.159673927369734e-05 5.233796103970495e-05 4.5043603057153546e-05 2.4638073168589423 0.08742198503514179 636.0052315688696 636.1876487703312 nan nan nan
R16 int 500 8.777416942236163e-05 0.0038264962117445455 1.0231192354615491e+43 1.873947159164173e-06 1.0169360978218249e-07 0.8779177818063971 0.05759205024649073 0.009739507137536671 0.8953832702118973 0.04892274346678387 33.80915576781987 98.25699966396598 0.0216828440405396 1.0701688174555417 0.007199684524746809 0.07019775580424868 699.9182716609296 690.8682583578351 6.481473496429894 6.039925062666125 9.793120365886242 5.159673927369734e-05 5.233796103970495e-05 4.5043603057153546e-05 2.4638073168589423 0.08742198503514179 636.0052315688696 636.1876487703312 nan nan nan
R16 hot 500 3.752794024206143e-05 0.006516699002984513 1.7727696712676e+44 1.1713808315574342e-06 4.550679408764162e-07 0.38524538069036945 0.10206971980630059 0.17699637108508007 0.5784967182594634 0.22788526507042464 132.3509598784364 579.1313794669164 0.031598288106791265 1.5594149828855672 0.05204314812483942 0.3635931774414068 699.9182716609296 690.8682583578351 6.481473496429894 6.039925062666125 9.793120365886242 5.159673927369734e-05 5.233796103970495e-05 4.5043603057153546e-05 2.4638073168589423 0.08742198503514179 636.0052315688696 636.1876487703312 nan nan nan
LGR2 cool 500 0.3773424087090805 21.814704729758628 2.5727251079863944e+46 0.01314127917447131 0.0012836160881335905 0.8028721100694441 0.06976913887949143 0.005175652104640973 1.3369989544089937 0.12950891008498197 58.33036836163171 82.90645247685772 0.035812803318482786 1.1099462117224557 0.02100746070781038 0.1164511808694343 316.4195074884766 310.7947123838118 31.236370310527494 24.90100852311839 40.40955604098313 0.4775937870021559 0.45150057069723776 0.4209752734788783 89.30191828067922 12.841425125428097 955678.7799601407 862162.107168869 1117.2415431195507 3598.931292196469 8715.823025140662
