tables/table-std-err.ecsv
# %ECSV 0.9
# ---
# datatype:
# - {name: model, datatype: string}
# - {name: phase, datatype: string}
# - {name: z, datatype: string}
# - {name: mass, unit: solMass / (kpc2 yr), datatype: float64}
# - {name: mom_kin, datatype: float64}
# - {name: energy, unit: erg / (kpc2 yr), datatype: float64}
# - {name: metal, unit: solMass / (kpc2 yr), datatype: float64}
# - {name: metal_sn, unit: solMass / (kpc2 yr), datatype: float64}
# - {name: mass_loading, datatype: float64}
# - {name: mom_kin_loading, datatype: float64}
# - {name: energy_loading, datatype: float64}
# - {name: metal_loading, datatype: float64}
# - {name: metal_sn_loading, datatype: float64}
# - {name: vout_flux, unit: km / s, datatype: float64}
# - {name: vB, unit: km / s, datatype: float64}
# - {name: Z, datatype: float64}
# - {name: enrichment, datatype: float64}
# - {name: fmass_sn, datatype: float64}
# - {name: fmetal_sn, datatype: float64}
# - {name: H, unit: pc, datatype: float64}
# - {name: H_2p, unit: pc, datatype: float64}
# - {name: v3, unit: km / s, datatype: float64}
# - {name: v3_2p, unit: km / s, datatype: float64}
# - {name: sigma_eff, unit: km / s, datatype: float64}
# - {name: sfr10, unit: solMass / (kpc2 yr), datatype: float64}
# - {name: sfr40, unit: solMass / (kpc2 yr), datatype: float64}
# - {name: sfr100, unit: solMass / (kpc2 yr), datatype: float64}
# - {name: surf, unit: solMass / pc2, datatype: float64}
# - {name: nmid_2p, unit: 1 / cm3, datatype: float64}
# - {name: Pmid_2p, unit: K / cm3, datatype: float64}
# - {name: W_2p, unit: K / cm3, datatype: float64}
# - {name: tdep10, unit: Myr, datatype: float64}
# - {name: tdep40, unit: Myr, datatype: float64}
# - {name: tdep100, unit: Myr, datatype: float64}
# meta: !!omap
# - __serialized_columns__:
#     H:
#       __class__: astropy.units.quantity.Quantity
#       unit: &id001 !astropy.units.Unit {unit: pc}
#       value: !astropy.table.SerializedColumn {name: H}
#     H_2p:
#       __class__: astropy.units.quantity.Quantity
#       unit: *id001
#       value: !astropy.table.SerializedColumn {name: H_2p}
#     Pmid_2p:
#       __class__: astropy.units.quantity.Quantity
#       unit: !astropy.units.Unit {unit: K / cm3}
#       value: !astropy.table.SerializedColumn {name: Pmid_2p}
#     W_2p:
#       __class__: astropy.units.quantity.Quantity
#       unit: !astropy.units.Unit {unit: K / cm3}
#       value: !astropy.table.SerializedColumn {name: W_2p}
#     Z:
#       __class__: astropy.units.quantity.Quantity
#       unit: !astropy.units.Unit {unit: ''}
#       value: !astropy.table.SerializedColumn {name: Z}
#     energy:
#       __class__: astropy.units.quantity.Quantity
#       unit: !astropy.units.Unit {unit: erg / (kpc2 yr)}
#       value: !astropy.table.SerializedColumn {name: energy}
#     energy_loading:
#       __class__: astropy.units.quantity.Quantity
#       unit: !astropy.units.Unit {unit: ''}
#       value: !astropy.table.SerializedColumn {name: energy_loading}
#     enrichment:
#       __class__: astropy.units.quantity.Quantity
#       unit: !astropy.units.Unit {unit: ''}
#       value: !astropy.table.SerializedColumn {name: enrichment}
#     fmass_sn:
#       __class__: astropy.units.quantity.Quantity
#       unit: !astropy.units.Unit {unit: ''}
#       value: !astropy.table.SerializedColumn {name: fmass_sn}
#     fmetal_sn:
[...]
#     surf:
#       __class__: astropy.units.quantity.Quantity
#       unit: !astropy.units.Unit {unit: solMass / pc2}
#       value: !astropy.table.SerializedColumn {name: surf}
#     tdep10:
#       __class__: astropy.units.quantity.Quantity
#       unit: &id002 !astropy.units.Unit {unit: Myr}
#       value: !astropy.table.SerializedColumn {name: tdep10}
#     tdep100:
#       __class__: astropy.units.quantity.Quantity
#       unit: *id002
#       value: !astropy.table.SerializedColumn {name: tdep100}
#     tdep40:
#       __class__: astropy.units.quantity.Quantity
#       unit: *id002
#       value: !astropy.table.SerializedColumn {name: tdep40}
#     v3:
#       __class__: astropy.units.quantity.Quantity
#       unit: !astropy.units.Unit {unit: km / s}
#       value: !astropy.table.SerializedColumn {name: v3}
#     v3_2p:
#       __class__: astropy.units.quantity.Quantity
#       unit: !astropy.units.Unit {unit: km / s}
#       value: !astropy.table.SerializedColumn {name: v3_2p}
#     vB:
#       __class__: astropy.units.quantity.Quantity
#       unit: !astropy.units.Unit {unit: km / s}
#       value: !astropy.table.SerializedColumn {name: vB}
#     vout_flux:
#       __class__: astropy.units.quantity.Quantity
#       unit: !astropy.units.Unit {unit: km / s}
#       value: !astropy.table.SerializedColumn {name: vout_flux}
# schema: astropy-2.0
model phase z mass mom_kin energy metal metal_sn mass_loading mom_kin_loading energy_loading metal_loading metal_sn_loading vout_flux vB Z enrichment fmass_sn fmetal_sn H H_2p v3 v3_2p sigma_eff sfr10 sfr40 sfr100 surf nmid_2p Pmid_2p W_2p tdep10 tdep40 tdep100
[from data line 55]
LGR2 int 500 0.005287219070004769 0.8503862566386772 2.6504541914869318e+45 0.00022120417979720086 4.814406413800576e-05 0.009754433922670435 0.0023728145627287416 0.00046356742429367275 0.019243083936109726 0.004132599127738662 10.133746761895514 8.244597657694184 0.0008863218484683526 0.014504661800476912 0.00215879015021716 0.011455824978719845 33.61981101408991 33.59578402155076 1.9134582231954407 1.6285502187278438 2.0736512057567658 0.1284326675526055 0.04273683778615029 0.043844759204984034 5.681515060005485 2.2488231540031185 225492.70951385432 52189.32310918271 4578.909428709146 18554.03984515876 46425.11542295768
LGR2 hot 500 0.00789629665280009 5.484585713665129 1.7246241450522034e+47 0.000603954841111091 0.0004112872325766835 0.014814636203817266 0.015198192922179866 0.02931912032273743 0.051999993852421746 0.03524731732744744 39.565119832061235 65.4714325104624 0.0024477635754573328 0.06783440943210295 0.013451833728914078 0.03121961812953777 33.61981101408991 33.59578402155076 1.9134582231954407 1.6285502187278438 2.0736512057567658 0.1284326675526055 0.04273683778615029 0.043844759204984034 5.681515060005485 2.2488231540031185 225492.70951385432 52189.32310918271 4578.909428709146 18554.03984515876 46425.11542295768
LGR4 cool 500 0.14588212736334277 4.603762207010249 2.910888151654494e+45 0.003527787975585634 0.00010540652337779653 1.4496413301546862 0.06802466807420088 0.002689277457180438 1.6622103877603505 0.04899311291884539 4.284703419126647 4.836954550603689 0.0004725021011071633 0.013969593377548524 0.0014695968584534543 0.011101284123854858 33.904901382226335 34.34733299270891 1.1964225630626026 1.3601717039778134 1.1436827819760933 0.039655441534651364 0.008712154916939415 0.008555650583685234 1.5532803266480697 1.0073087067595146 39167.28215917053 7253.57994588956 5094.235811354318 22162.350164199503 55579.71529558622
LGR4 int 500 0.0016087510151430596 0.21149691252464203 5.391137018533791e+44 5.1326827775769814e-05 7.115328091514371e-06 0.021007008900523726 0.0036978850610798024 0.0005816748430519043 0.03134787824587153 0.0039007738982756858 5.756508523976447 5.183518522720283 0.0005012657919629515 0.01119875752752326 0.0015947211606058772 0.010709845411990184 33.904901382226335 34.34733299270891 1.1964225630626026 1.3601717039778134 1.1436827819760933 0.039655441534651364 0.008712154916939415 0.008555650583685234 1.5532803266480697 1.0073087067595146 39167.28215917053 7253.57994588956 5094.235811354318 22162.350164199503 55579.71529558622
LGR4 hot 500 0.002773467595129581 1.2367324072473385 3.4195124033862246e+46 0.00012924624666034513 7.427330919879917e-05 0.03592087147076343 0.02179340390719053 0.03409171050027911 0.07588662552231322 0.03867648802246416 21.2432892897111 39.45042905459525 0.0012947789193065596 0.05568138465652938 0.006832704012360541 0.022814966954699815 33.904901382226335 34.34733299270891 1.1964225630626026 1.3601717039778134 1.1436827819760933 0.039655441534651364 0.008712154916939415 0.008555650583685234 1.5532803266480697 1.0073087067595146 39167.28215917053 7253.57994588956 5094.235811354318 22162.350164199503 55579.71529558622
LGR8 cool 500 0.01597369882535154 0.3958882164920148 2.017410575300237e+44 0.0003362486743853984 5.775254294045918e-06 4.884672355364867 0.1716453152827576 0.005420046397463654 4.912919425981396 0.07424726463111618 3.0993171638662416 3.887567747432809 0.00015479612632697873 0.0038197047317084253 0.00047513003167606903 0.004005473470833517 38.404153098317245 39.61414211394894 1.3045319699372369 0.7287079763037223 1.4743018486723436 0.0011769562304123065 0.000526301949872645 0.00023309704096215612 0.12376109742036305 0.0580149059676624 908.9237614620978 226.96134819898586 6592.287021554505 29441.29039957867 75935.01474909394
LGR8 int 500 0.00034487806403823783 0.03327791771041448 7.752804019487884e+43 8.111414254339686e-06 6.902460026317144e-07 0.10377574329367646 0.014966871629188364 0.002197980096036713 0.11633915964767078 0.0099134689210351 6.473218278451127 8.135780132761973 0.0011514491669970552 0.050820761339263394 0.006302564800446339 0.03345545722476193 38.404153098317245 39.61414211394894 1.3045319699372369 0.7287079763037223 1.4743018486723436 0.0011769562304123065 0.000526301949872645 0.00023309704096215612 0.12376109742036305 0.0580149059676624 908.9237614620978 226.96134819898586 6592.287021554505 29441.29039957867 75935.01474909394
LGR8 hot 500 0.00040831943556579207 0.13431648947047917 1.91203736463516e+45 1.2819879858545985e-05 4.604453347942625e-06 0.1194101196395877 0.05991531033107751 0.05296675805803374 0.17772246904159006 0.06315290915413999 21.315820839401454 44.5380794814052 0.0012563231548358938 0.060668248187043576 0.0075925765772414 0.026452693492674668 38.404153098317245 39.61414211394894 1.3045319699372369 0.7287079763037223 1.4743018486723436 0.0011769562304123065 0.000526301949872645 0.00023309704096215612 0.12376109742036305 0.0580149059676624 908.9237614620978 226.96134819898586 6592.287021554505 29441.29039957867 75935.01474909394
R2 cool 1000 0.04283539733464469 4.95549612012333 1.096872368155008e+46 0.0014483530940712706 0.0005116178440847311 0.03180814861113714 0.005660286623542166 0.0008200946905350077 0.05197263651035851 0.018738099941534365 17.49715425124776 18.307910322852376 0.0014336456639082555 0.01932936743748006 0.002947690049676589 0.01413396243460472 17.7576144812941 17.039438853717083 3.609703828596511 2.1770771008099636 3.465164074304384 0.36906301433611516 0.09305463262505694 0.0650878609282861 6.295355944050347 5.015761172291211 464145.617013005 93641.01915420055 6880.369758171986 27616.983218824782 69040.95467066704
R2 int 1000 0.004772647005518511 0.9088453645697357 3.347569212115592e+45 0.00020488101457875616 7.633910765875744e-05 0.0034065082964505815 0.0009996576580624296 0.00023501608270722207 0.007013893467713107 0.0027416620972268877 22.68900066050404 23.9268016406143 0.0013912946496992514 0.020301389413041507 0.0036412306589327864 0.013628722061877232 17.7576144812941 17.039438853717083 3.609703828596511 2.1770771008099636 3.465164074304384 0.36906301433611516 0.09305463262505694 0.0650878609282861 6.295355944050347 5.015761172291211 464145.617013005 93641.01915420055 6880.369758171986 27616.983218824782 69040.95467066704
R2 hot 1000 0.011918834679665105 11.193452004082431 3.503640238235637e+47 0.001005536947413621 0.0006201005753426856 0.009079683841141804 0.012844135911193065 0.02515450376426646 0.03578410738637791 0.02205345275069925 46.07065758792259 85.69305960829318 0.00290238714137673 0.04285578859016083 0.012880900922356827 0.019791001187623187 17.7576144812941 17.039438853717083 3.609703828596511 2.1770771008099636 3.465164074304384 0.36906301433611516 0.09305463262505694 0.0650878609282861 6.295355944050347 5.015761172291211 464145.617013005 93641.01915420055 6880.369758171986 27616.983218824782 69040.95467066704
R4 cool 1000 0.029958526178718546 2.372027005589527 2.9726544652758153e+45 0.0008989774965604123 0.0001928843649614827 0.2265700831295951 0.027110662298436762 0.0020762608857226145 0.3308968886659808 0.06737744233097302 9.285416365904371 8.43264166455312 0.0006416498910264331 0.014307403796620915 0.0024975672269679622 0.012312792608956723 21.57945237964609 21.778902041293982 1.7480208666826336 1.3380374630592244 2.141105074399169 0.05863336018724165 0.02315040161238341 0.010085443474359244 1.6899367970268016 1.7202731201019472 108576.47034884673 20505.978750742015 3386.0403537315337 13943.024774541596 34879.83676044258
R4 int 1000 0.0030994560161015892 0.45182217524289137 1.1871691169532644e+45 9.695454750124744e-05 2.9007796300116766e-05 0.02522291864838181 0.005400900293265663 0.0008763966171313664 0.03912952691050456 0.010619036275277492 9.945016439409866 7.985122482764488 0.0005524799574521883 0.016273447771705866 0.002038057416529856 0.011789701571742235 21.57945237964609 21.778902041293982 1.7480208666826336 1.3380374630592244 2.141105074399169 0.05863336018724165 0.02315040161238341 0.010085443474359244 1.6899367970268016 1.7202731201019472 108576.47034884673 20505.978750742015 3386.0403537315337 13943.024774541596 34879.83676044258
R4 hot 1000 0.0038339960249248813 1.9967654691781096 4.4926013803497417e+46 0.00018965006981071618 0.00012958335990785684 0.03679836841948274 0.025102484523960245 0.03166672333781077 0.0812041358641722 0.046601406191887 23.89030949510472 46.30115222093501 0.0010811832185072582 0.07562287584228365 0.008585800236143833 0.03156074863171955 21.57945237964609 21.778902041293982 1.7480208666826336 1.3380374630592244 2.141105074399169 0.05863336018724165 0.02315040161238341 0.010085443474359244 1.6899367970268016 1.7202731201019472 108576.47034884673 20505.978750742015 3386.0403537315337 13943.024774541596 34879.83676044258
R8 cool 1000 nan nan nan nan nan 0.31904614710011875 0.019674422575762844 0.0008080548091078569 0.3543002112569082 0.021326142393164056 nan nan nan nan nan nan 19.02815934502335 17.591707140879993 0.874049651948334 0.41487512354884576 0.9935451991145334 0.0009636531288917477 0.00037042505120518497 0.0003511722612889741 0.14185211463122033 0.07340104731588237 1660.023756014772 563.9207824076709 7549.879741450037 14622.422380548049 37480.782590347735
R8 int 1000 nan nan nan nan nan 0.02595677367691104 0.003340365278724982 0.000489760228938502 0.029247331202082505 0.002908682009850469 nan nan nan nan nan nan 19.02815934502335 17.591707140879993 0.874049651948334 0.41487512354884576 0.9935451991145334 0.0009636531288917477 0.00037042505120518497 0.0003511722612889741 0.14185211463122033 0.07340104731588237 1660.023756014772 563.9207824076709 7549.879741450037 14622.422380548049 37480.782590347735
R8 hot 1000 nan nan nan nan nan 0.02292782099406518 0.011562161871952836 0.015860518683790847 0.037341170220751806 0.017360572629078405 nan nan nan nan nan nan 19.02815934502335 17.591707140879993 0.874049651948334 0.41487512354884576 0.9935451991145334 0.0009636531288917477 0.00037042505120518497 0.0003511722612889741 0.14185211463122033 0.07340104731588237 1660.023756014772 563.9207824076709 7549.879741450037 14622.422380548049 37480.782590347735
R16 cool 1000 0.0008763112860905888 0.013281670548750946 5.78871722138095e+42 1.8019284869500386e-05 2.7048383856931525e-08 12.681914100912005 0.24360286945555892 0.0069114081468557185 12.33751292602993 0.01165696211725761 1.800305838008285 1.71046434366341 4.906865070238947e-05 0.002672041900451076 0.0002864569113396548 0.002937064050609646 47.694195147870424 47.80691132116211 0.3461043351430779 0.36796876956157704 0.38838121867782394 3.484143790087756e-05 1.9877762909554198e-05 9.866183406780516e-06 0.003760728759965509 0.008592729379145026 97.6344374290648 22.932005354430107 nan nan nan
R16 int 1000 2.5658992113327354e-05 0.001169114637015193 2.909007910098848e+42 5.48918544392509e-07 2.8581913788428335e-08 0.2634055689030861 0.017950432332123012 0.0027814709986456964 0.2687054974536277 0.014190880923391104 6.403566099838013 8.968809385955762 0.0006732767615407564 0.03397109383060086 0.0032725642376573855 0.02675042332283985 47.694195147870424 47.80691132116211 0.3461043351430779 0.36796876956157704 0.38838121867782394 3.484143790087756e-05 1.9877762909554198e-05 9.866183406780516e-06 0.003760728759965509 0.008592729379145026 97.6344374290648 22.932005354430107 nan nan nan
R16 hot 1000 1.113735421727967e-05 0.0017822593685444673 6.820932782719962e+43 3.415697542936902e-07 1.6315262777588557e-07 0.1119592228429929 0.025513241426501854 0.06312404554263117 0.15776741856382273 0.07426739530831349 23.79447616169371 87.96914628160036 0.00319556037589136 0.15862217724955835 0.015379097408376547 0.04856089871155847 47.694195147870424 47.80691132116211 0.3461043351430779 0.36796876956157704 0.38838121867782394 3.484143790087756e-05 1.9877762909554198e-05 9.866183406780516e-06 0.003760728759965509 0.008592729379145026 97.6344374290648 22.932005354430107 nan nan nan
LGR2 cool 1000 0.10850763254167023 8.608466596229253 1.1346663228645238e+46 0.00415267060788465 0.0005399024944158292 0.19677091912314568 0.023784568037131335 0.0019965208211362114 0.3586846115659951 0.04632773492267561 14.445433790540031 13.972826106112214 0.0011427996170795202 0.020085473118933335 0.0030247274475286873 0.015913149962324936 33.61981101408991 33.59578402155076 1.9134582231954407 1.6285502187278438 2.0736512057567658 0.1284326675526055 0.04273683778615029 0.043844759204984034 5.681515060005485 2.2488231540031185 225492.70951385432 52189.32310918271 4578.909428709146 18554.03984515876 46425.11542295768
LGR2 int 1000 0.0038263461342392994 0.6527075540433268 2.0508780815895164e+45 0.00016166629805537713 3.6678724133498915e-05 0.007144059477855716 0.0018802657241750618 0.0003827940640091168 0.01440419682551509 0.003265900825767571 14.475338960376217 12.276751435544341 0.0009636422180801186 0.016265350647368185 0.003405710615682044 0.01290543222930768 33.61981101408991 33.59578402155076 1.9134582231954407 1.6285502187278438 2.0736512057567658 0.1284326675526055 0.04273683778615029 0.043844759204984034 5.681515060005485 2.2488231540031185 225492.70951385432 52189.32310918271 4578.909428709146 18554.03984515876 46425.11542295768
LGR2 hot 1000 0.0053245831975537025 2.6717405652333577 7.168328192446674e+46 0.0003381644206467374 0.00019836156780708318 0.009598860786398279 0.00697936388130125 0.011966084650895511 0.028861316504080567 0.016920699266202707 37.65134472848813 56.06998030767467 0.0020232399555519475 0.04922944448036707 0.010049561173714631 0.023935522070791953 33.61981101408991 33.59578402155076 1.9134582231954407 1.6285502187278438 2.0736512057567658 0.1284326675526055 0.04273683778615029 0.043844759204984034 5.681515060005485 2.2488231540031185 225492.70951385432 52189.32310918271 4578.909428709146 18554.03984515876 46425.11542295768
LGR4 cool 1000 0.03770796796634207 1.7864799260287239 1.683299754590617e+45 0.0009686116489419205 6.951834887662608e-05 0.3700687872413284 0.027647489634389143 0.0016861867359628138 0.45859597179078015 0.03415308041250932 9.56352059693876 9.480523790851924 0.0004758676642534923 0.015144219255884528 0.001831869314171294 0.012574117934783061 33.904901382226335 34.34733299270891 1.1964225630626026 1.3601717039778134 1.1436827819760933 0.039655441534651364 0.008712154916939415 0.008555650583685234 1.5532803266480697 1.0073087067595146 39167.28215917053 7253.57994588956 5094.235811354318 22162.350164199503 55579.71529558622
LGR4 int 1000 0.0009495618743546962 0.13168743743394754 3.1658756138879995e+44 2.766750345177109e-05 4.718093190512599e-06 0.011763707831773716 0.0022659241617689523 0.00034461492359489444 0.01673159287227311 0.002660438383139436 11.136340315018847 12.870207746106082 0.0006583881504119334 0.028911499202038254 0.00421381929380261 0.02009797134205495 33.904901382226335 34.34733299270891 1.1964225630626026 1.3601717039778134 1.1436827819760933 0.039655441534651364 0.008712154916939415 0.008555650583685234 1.5532803266480697 1.0073087067595146 39167.28215917053 7253.57994588956 5094.235811354318 22162.350164199503 55579.71529558622
