tables/table-std.ecsv
# %ECSV 0.9
# ---
# datatype:
# - {name: model, datatype: string}
# - {name: phase, datatype: string}
# - {name: z, datatype: string}
# - {name: mass, unit: solMass / (kpc2 yr), datatype: float64}
# - {name: mom_kin, datatype: float64}
# - {name: energy, unit: erg / (kpc2 yr), datatype: float64}
# - {name: metal, unit: solMass / (kpc2 yr), datatype: float64}
# - {name: metal_sn, unit: solMass / (kpc2 yr), datatype: float64}
# - {name: mass_loading, datatype: float64}
# - {name: mom_loading, datatype: float64}
# - {name: energy_loading, datatype: float64}
# - {name: metal_loading, datatype: float64}
# - {name: metal_sn_loading, datatype: float64}
# - {name: vout_flux, unit: km / s, datatype: float64}
# - {name: vB, unit: km / s, datatype: float64}
# - {name: Z, datatype: float64}
# - {name: enrichment, datatype: float64}
# - {name: fmass_sn, datatype: float64}
# - {name: fmetal_sn, datatype: float64}
# - {name: H, unit: pc, datatype: float64}
# - {name: H_2p, unit: pc, datatype: float64}
# - {name: v3, unit: km / s, datatype: float64}
# - {name: v3_2p, unit: km / s, datatype: float64}
# - {name: sigma_eff, unit: km / s, datatype: float64}
# - {name: sfr10, unit: solMass / (kpc2 yr), datatype: float64}
# - {name: sfr40, unit: solMass / (kpc2 yr), datatype: float64}
# - {name: sfr100, unit: solMass / (kpc2 yr), datatype: float64}
# - {name: surf, unit: solMass / pc2, datatype: float64}
# - {name: nmid_2p, unit: 1 / cm3, datatype: float64}
# - {name: Pmid_2p, unit: K / cm3, datatype: float64}
# - {name: W_2p, unit: K / cm3, datatype: float64}
# - {name: tdep10, unit: Myr, datatype: float64}
# - {name: tdep40, unit: Myr, datatype: float64}
# - {name: tdep100, unit: Myr, datatype: float64}
# meta: !!omap
# - __serialized_columns__:
#     H:
#       __class__: astropy.units.quantity.Quantity
#       unit: &id001 !astropy.units.Unit {unit: pc}
#       value: !astropy.table.SerializedColumn {name: H}
#     H_2p:
#       __class__: astropy.units.quantity.Quantity
#       unit: *id001
#       value: !astropy.table.SerializedColumn {name: H_2p}
#     Pmid_2p:
#       __class__: astropy.units.quantity.Quantity
#       unit: !astropy.units.Unit {unit: K / cm3}
#       value: !astropy.table.SerializedColumn {name: Pmid_2p}
#     W_2p:
#       __class__: astropy.units.quantity.Quantity
#       unit: !astropy.units.Unit {unit: K / cm3}
#       value: !astropy.table.SerializedColumn {name: W_2p}
#     Z:
#       __class__: astropy.units.quantity.Quantity
#       unit: !astropy.units.Unit {unit: ''}
#       value: !astropy.table.SerializedColumn {name: Z}
#     energy:
#       __class__: astropy.units.quantity.Quantity
#       unit: !astropy.units.Unit {unit: erg / (kpc2 yr)}
#       value: !astropy.table.SerializedColumn {name: energy}
#     energy_loading:
#       __class__: astropy.units.quantity.Quantity
#       unit: !astropy.units.Unit {unit: ''}
#       value: !astropy.table.SerializedColumn {name: energy_loading}
#     enrichment:
#       __class__: astropy.units.quantity.Quantity
#       unit: !astropy.units.Unit {unit: ''}
#       value: !astropy.table.SerializedColumn {name: enrichment}
#     fmass_sn:
#       __class__: astropy.units.quantity.Quantity
#       unit: !astropy.units.Unit {unit: ''}
#       value: !astropy.table.SerializedColumn {name: fmass_sn}
#     fmetal_sn:
[...]
#     surf:
#       __class__: astropy.units.quantity.Quantity
#       unit: !astropy.units.Unit {unit: solMass / pc2}
#       value: !astropy.table.SerializedColumn {name: surf}
#     tdep10:
#       __class__: astropy.units.quantity.Quantity
#       unit: &id002 !astropy.units.Unit {unit: Myr}
#       value: !astropy.table.SerializedColumn {name: tdep10}
#     tdep100:
#       __class__: astropy.units.quantity.Quantity
#       unit: *id002
#       value: !astropy.table.SerializedColumn {name: tdep100}
#     tdep40:
#       __class__: astropy.units.quantity.Quantity
#       unit: *id002
#       value: !astropy.table.SerializedColumn {name: tdep40}
#     v3:
#       __class__: astropy.units.quantity.Quantity
#       unit: !astropy.units.Unit {unit: km / s}
#       value: !astropy.table.SerializedColumn {name: v3}
#     v3_2p:
#       __class__: astropy.units.quantity.Quantity
#       unit: !astropy.units.Unit {unit: km / s}
#       value: !astropy.table.SerializedColumn {name: v3_2p}
#     vB:
#       __class__: astropy.units.quantity.Quantity
#       unit: !astropy.units.Unit {unit: km / s}
#       value: !astropy.table.SerializedColumn {name: vB}
#     vout_flux:
#       __class__: astropy.units.quantity.Quantity
#       unit: !astropy.units.Unit {unit: km / s}
#       value: !astropy.table.SerializedColumn {name: vout_flux}
# schema: astropy-2.0
model phase z mass mom_kin energy metal metal_sn mass_loading mom_loading energy_loading metal_loading metal_sn_loading vout_flux vB Z enrichment fmass_sn fmetal_sn H H_2p v3 v3_2p sigma_eff sfr10 sfr40 sfr100 surf nmid_2p Pmid_2p W_2p tdep10 tdep40 tdep100
[from data line 55]
LGR2 int 500 0.011621423115272722 1.752434249456278 5.0871067059623944e+45 0.00046876388525310387 9.824524358060566e-05 0.03374285844864979 0.004054503038798027 0.0013417135364317352 0.06412017213055674 0.013313180372575515 23.312888551635893 20.927365570059724 0.0032677628052494062 0.04404325401781182 0.006028335000404997 0.03337173446570736 108.46472292872626 110.32833873514305 8.410262702776395 6.912881553201707 8.09628748569199 0.3997251672294661 0.2605248080517323 0.19008758484403876 30.833762077182204 6.477037154425974 481757.9475451725 287040.8703720723 2353.0077193134707 9172.375067143183 22944.990857223096
LGR2 hot 500 0.021457816286329246 13.752182104150695 3.958608459064617e+47 0.0015255638395958746 0.000969206011304746 0.06422603017775914 0.046943110317895415 0.0987598315850089 0.20380446291283588 0.1235676936569247 127.83636748342109 222.62905602611744 0.007539858958541511 0.22775978116531248 0.04289486594388527 0.09748194872096734 108.46472292872626 110.32833873514305 8.410262702776395 6.912881553201707 8.09628748569199 0.3997251672294661 0.2605248080517323 0.19008758484403876 30.833762077182204 6.477037154425974 481757.9475451725 287040.8703720723 2353.0077193134707 9172.375067143183 22944.990857223096
LGR4 cool 500 0.2584802002412089 9.058431936148278 6.304010515608655e+45 0.006887397527833858 0.00020945239967686368 3.4940136195830216 0.09658306837057054 0.008097498063904774 4.449239658941267 0.13600749559332173 10.03569748612381 11.561450402256025 0.001704144456592216 0.03458652272125581 0.0043481300024064765 0.031644722594951484 181.97578336073894 184.64498394419624 6.238022134458319 5.549936302243897 6.5837021498365464 0.08997074678872954 0.04460336380831012 0.02897453614567163 8.96087129193133 2.9133562393387367 111946.15774621732 40305.29765793044 3562.2430853268684 11219.394638794443 27956.784517031334
LGR4 int 500 0.005825932523336193 0.6623004216179162 1.583891183553725e+45 0.0001785777643897521 2.263081343437039e-05 0.0873078073327567 0.008248995275235753 0.002162990417155992 0.12751122805267756 0.015937128211150026 18.290142108549848 15.1101066231882 0.0017848937529513205 0.02667752854510519 0.003453833215819441 0.024023541461371544 181.97578336073894 184.64498394419624 6.238022134458319 5.549936302243897 6.5837021498365464 0.08997074678872954 0.04460336380831012 0.02897453614567163 8.96087129193133 2.9133562393387367 111946.15774621732 40305.29765793044 3562.2430853268684 11219.394638794443 27956.784517031334
LGR4 hot 500 0.009105666197059655 3.658140688263011 8.090262053822186e+46 0.00041788632045496895 0.00019876342980138922 0.13917175458384576 0.0745788665781818 0.1067592548995197 0.2952628219084202 0.1341476627462174 76.51361245010811 136.69730579319253 0.004348745705250289 0.13619944463901873 0.021307594847466676 0.06717613116918995 181.97578336073894 184.64498394419624 6.238022134458319 5.549936302243897 6.5837021498365464 0.08997074678872954 0.04460336380831012 0.02897453614567163 8.96087129193133 2.9133562393387367 111946.15774621732 40305.29765793044 3562.2430853268684 11219.394638794443 27956.784517031334
LGR8 cool 500 0.03334530125909069 0.7023140041425916 3.621372197519874e+44 0.000726178062362691 8.905657755300532e-06 13.156578294681992 0.2261650301912746 0.013041642612396969 13.675062359111806 0.15731991568460862 7.1177352708249435 8.048534083139582 0.0005845335993494483 0.009519583335484506 0.0011283986859519318 0.009891560371739836 202.7856621872356 205.49850495474203 4.464691969547453 3.4193754730342114 4.535013865655958 0.002720449029910604 0.001855608090005225 0.0011527725396909502 0.7483199595280006 0.24914007826192985 4113.914858659325 1109.6338729186425 8696.09530694433 14606.569135023117 32797.27170267543
LGR8 int 500 0.0007371343535374912 0.060071713283123725 1.4053421998733073e+44 1.7344699080167915e-05 1.4624797418450954e-06 0.29639709212227583 0.022735086503636735 0.00530426990197778 0.3329086603661071 0.027778454555457056 20.665185818731715 20.411734476851315 0.0011644775140029911 0.0458753810941003 0.005860465809689918 0.037074380955142615 202.7856621872356 205.49850495474203 4.464691969547453 3.4193754730342114 4.535013865655958 0.002720449029910604 0.001855608090005225 0.0011527725396909502 0.7483199595280006 0.24914007826192985 4113.914858659325 1109.6338729186425 8696.09530694433 14606.569135023117 32797.27170267543
LGR8 hot 500 0.0009149247636282705 0.25202828967775737 3.734670680232115e+45 2.8339257989258308e-05 9.502104586183062e-06 0.35977792907969347 0.13962593563530726 0.13707131644923665 0.5293516962399633 0.17537832798243627 72.71697963379786 129.40403667617642 0.0023579231565425563 0.11260142642333358 0.01555520139418459 0.06447827516892204 202.7856621872356 205.49850495474203 4.464691969547453 3.4193754730342114 4.535013865655958 0.002720449029910604 0.001855608090005225 0.0011527725396909502 0.7483199595280006 0.24914007826192985 4113.914858659325 1109.6338729186425 8696.09530694433 14606.569135023117 32797.27170267543
R2 cool 1000 0.14835578532749089 16.851252096966245 3.2666618323127477e+46 0.005650781343918138 0.0016047281862174064 0.15085004930868573 0.013152881739148138 0.00319414666690822 0.2785891166026421 0.0788032279655195 40.00207998906654 38.1353115226516 0.005451975868932403 0.05812698786479524 0.010815594893207095 0.04208220150790602 101.6273794498178 99.49616836970239 13.733226377746268 9.209239067999842 14.319674502327093 0.9082483330390646 0.441409083097844 0.2865941762959308 27.71670716948816 16.558288669481538 1293144.2918601974 441678.3279011253 3065.9538548475393 12182.53443233161 30477.56906814246
R2 int 1000 0.017862594487515322 3.4315629311487155 1.114030780597929e+46 0.0007665026978144104 0.00025443142568443123 0.01893520489255471 0.0028892082111853113 0.0011091884403545834 0.039054563673818904 0.012788260513191286 55.16176998586851 48.3840167964256 0.005349185896860277 0.06956248635291265 0.0113685006216205 0.04430591623116085 101.6273794498178 99.49616836970239 13.733226377746268 9.209239067999842 14.319674502327093 0.9082483330390646 0.441409083097844 0.2865941762959308 27.71670716948816 16.558288669481538 1293144.2918601974 441678.3279011253 3065.9538548475393 12182.53443233161 30477.56906814246
R2 hot 1000 0.03719601437371443 22.43749088638414 5.949804952487677e+47 0.002626128684574039 0.0014628209673605123 0.0399382643777642 0.028584305556451466 0.06094012600994984 0.13338014589062447 0.07451551514946649 132.35574517888892 232.09055571380125 0.007771887525824043 0.16798391361681367 0.03294005695373166 0.07144002329809575 101.6273794498178 99.49616836970239 13.733226377746268 9.209239067999842 14.319674502327093 0.9082483330390646 0.441409083097844 0.2865941762959308 27.71670716948816 16.558288669481538 1293144.2918601974 441678.3279011253 3065.9538548475393 12182.53443233161 30477.56906814246
R4 cool 1000 0.05200358160840044 3.9598421474119734 4.956542885071102e+45 0.0016342029681939649 0.00031809593753089884 0.5509259110214786 0.03215825114902181 0.004931477330637965 0.8358680585314849 0.15858609675921626 23.317681863533576 22.662208767263753 0.002080275764360837 0.043053523298819084 0.0062247007647178165 0.036299591085700876 107.89835999213936 109.51310948749088 7.643962429372892 6.7149257789063626 8.330554329344006 0.1419939883731653 0.08556510672465809 0.05407720941942362 7.836276411077936 5.954895675716032 265877.8814064833 72620.76129254303 1292.8012908572366 4105.4754541299135 10292.429550169341
R4 int 1000 0.005869852171070171 0.8547941957271044 2.154304141643058e+45 0.0001961417381865719 4.815906127719127e-05 0.06610425314109963 0.007755130994251693 0.0022408127101268328 0.1071714427261484 0.02505336994294252 25.5842723672464 21.182156094315463 0.001868320802552669 0.050779585387152756 0.006510770218228736 0.038815259754679414 107.89835999213936 109.51310948749088 7.643962429372892 6.7149257789063626 8.330554329344006 0.1419939883731653 0.08556510672465809 0.05407720941942362 7.836276411077936 5.954895675716032 265877.8814064833 72620.76129254303 1292.8012908572366 4105.4754541299135 10292.429550169341
R4 hot 1000 0.009326061998699994 3.842470660598723 6.712381254963847e+46 0.00043327122560337 0.0002092107983391351 0.10869276768522614 0.049993542494323945 0.06718105655069598 0.23563518852267085 0.10683969417657628 76.07888110197877 135.88215100228425 0.00288127424778225 0.14536419000687803 0.019980816681886244 0.07564266540612977 107.89835999213936 109.51310948749088 7.643962429372892 6.7149257789063626 8.330554329344006 0.1419939883731653 0.08556510672465809 0.05407720941942362 7.836276411077936 5.954895675716032 265877.8814064833 72620.76129254303 1292.8012908572366 4105.4754541299135 10292.429550169341
R8 cool 1000 nan nan nan nan nan 0.8398576924306366 0.02568114682065427 0.0022281224193065772 0.9256005221802354 0.06233021208958606 nan nan nan nan nan nan 89.81543614232115 87.62299426087435 2.8779640820078165 1.5008449470603025 3.1138990025412623 0.0032485881860480708 0.001780172349453084 0.0012846899549829346 0.8417187583257848 0.273268432364206 3782.5925565539505 2367.905795415592 8249.916887972215 5756.201666727724 12786.449176126302
R8 int 1000 nan nan nan nan nan 0.10017864661498026 0.007730025395953138 0.001772472515777689 0.11472441263859645 0.012477692701611023 nan nan nan nan nan nan 89.81543614232115 87.62299426087435 2.8779640820078165 1.5008449470603025 3.1138990025412623 0.0032485881860480708 0.001780172349453084 0.0012846899549829346 0.8417187583257848 0.273268432364206 3782.5925565539505 2367.905795415592 8249.916887972215 5756.201666727724 12786.449176126302
R8 hot 1000 nan nan nan nan nan 0.09916328528527887 0.03647718752022177 0.03455691904453189 0.14552221473486593 0.048832163617846966 nan nan nan nan nan nan 89.81543614232115 87.62299426087435 2.8779640820078165 1.5008449470603025 3.1138990025412623 0.0032485881860480708 0.001780172349453084 0.0012846899549829346 0.8417187583257848 0.273268432364206 3782.5925565539505 2367.905795415592 8249.916887972215 5756.201666727724 12786.449176126302
R16 cool 1000 0.002904828443786442 0.03571772287938759 1.5755996003196972e+43 5.900111934296415e-05 2.1028797117333873e-08 46.19315336247889 0.5936068539989994 0.023194601717039274 44.72487987025739 0.013137399128380996 4.087503961301161 3.9198860298287275 9.699233193522289e-05 0.0033726753734985102 0.00014867910711312423 0.0015269726052553568 284.1683537118717 282.580607701835 2.1207918106940737 1.9428840744339921 2.230722640251719 8.087436585365126e-05 6.220280669325451e-05 4.5233490424368e-05 0.017402585862300732 0.03711385914212497 327.13468350699856 133.19777784675068 nan nan nan
R16 int 1000 3.8887581319466524e-05 0.0017826334977655257 4.396668998633962e+42 8.367350474410627e-07 5.084442873797219e-08 0.5473438727470605 0.0341491669657902 0.005671236229762301 0.5622185827690238 0.03425045132098545 12.880890626746343 16.629895808336876 0.0007086057255340234 0.03598097127495196 0.005085973285265421 0.031278238351881225 284.1683537118717 282.580607701835 2.1207918106940737 1.9428840744339921 2.230722640251719 8.087436585365126e-05 6.220280669325451e-05 4.5233490424368e-05 0.017402585862300732 0.03711385914212497 327.13468350699856 133.19777784675068 nan nan nan
R16 hot 1000 1.4679509942578801e-05 0.0022213523200340893 6.393831915020198e+43 4.5447475386954084e-07 1.8374698134298378e-07 0.19715418333739212 0.11531953313437822 0.08500998101074665 0.29468020025836145 0.1215550278116646 46.52403136891656 163.7248995731264 0.004812192543508663 0.23758434486176125 0.033001089987673 0.10681733243455112 284.1683537118717 282.580607701835 2.1207918106940737 1.9428840744339921 2.230722640251719 8.087436585365126e-05 6.220280669325451e-05 4.5233490424368e-05 0.017402585862300732 0.03711385914212497 327.13468350699856 133.19777784675068 nan nan nan
LGR2 cool 1000 0.16036824378101722 13.454082950681423 1.9012288952980776e+46 0.006109494537162096 0.0008229340525987071 0.4135260266674216 0.02660049737219361 0.004677855347046 0.7505475820673545 0.10196015589167425 33.55754989295298 32.089334113221426 0.003911704212650613 0.04226321284504653 0.007638324772308085 0.03646235469680356 108.46472292872626 110.32833873514305 8.410262702776395 6.912881553201707 8.09628748569199 0.3997251672294661 0.2605248080517323 0.19008758484403876 30.833762077182204 6.477037154425974 481757.9475451725 287040.8703720723 2353.0077193134707 9172.375067143183 22944.990857223096
LGR2 int 1000 0.009112633874702122 1.6157606093486447 4.750079777075377e+45 0.0003802206399933847 8.817039389216337e-05 0.02458753131528184 0.003442726876754105 0.0011972916352376412 0.04851618629575536 0.01112355563137556 41.02573161156548 33.81312885550539 0.0036354957368527566 0.05036394568448921 0.008294998655829978 0.037341386283951394 108.46472292872626 110.32833873514305 8.410262702776395 6.912881553201707 8.09628748569199 0.3997251672294661 0.2605248080517323 0.19008758484403876 30.833762077182204 6.477037154425974 481757.9475451725 287040.8703720723 2353.0077193134707 9172.375067143183 22944.990857223096
LGR2 hot 1000 0.016445293252897116 8.024431343682046 1.6439344694566635e+47 0.0009467506543121338 0.0004958044822337002 0.0450990985850643 0.02495090046882529 0.040288597435557065 0.1212864196484333 0.06174575211106894 123.23770361347438 185.15731077288697 0.005929713495252326 0.1707639315236489 0.030817053517685482 0.08515829327285605 108.46472292872626 110.32833873514305 8.410262702776395 6.912881553201707 8.09628748569199 0.3997251672294661 0.2605248080517323 0.19008758484403876 30.833762077182204 6.477037154425974 481757.9475451725 287040.8703720723 2353.0077193134707 9172.375067143183 22944.990857223096
LGR4 cool 1000 0.09368589383274152 4.2864708798608495 3.622276450231016e+45 0.0026042091280366925 0.00015135999866602428 1.2388249386125616 0.04528084132523409 0.0047055642873528045 1.659055265492138 0.1018925803940304 21.332479006618385 20.614978561428288 0.0019128319324850475 0.04204587378913868 0.006009679519231922 0.038222479719250996 181.97578336073894 184.64498394419624 6.238022134458319 5.549936302243897 6.5837021498365464 0.08997074678872954 0.04460336380831012 0.02897453614567163 8.96087129193133 2.9133562393387367 111946.15774621732 40305.29765793044 3562.2430853268684 11219.394638794443 27956.784517031334
LGR4 int 1000 0.003333180024235815 0.4041647202937331 9.426983776690062e+44 0.00010124141578885485 1.5086877039852856e-05 0.04824401521163974 0.004866070368220514 0.0012707129998849676 0.07044027865203646 0.01035216724420497 29.063907324075196 24.268476690288125 0.0019967299311793706 0.041130504412983666 0.006013331309309296 0.033645616711820356 181.97578336073894 184.64498394419624 6.238022134458319 5.549936302243897 6.5837021498365464 0.08997074678872954 0.04460336380831012 0.02897453614567163 8.96087129193133 2.9133562393387367 111946.15774621732 40305.29765793044 3562.2430853268684 11219.394638794443 27956.784517031334
LGR4 hot 1000 0.004433005143672953 1.3815243308400036 1.8364372473722448e+46 0.00016725691903906646 5.7636531036472155e-05 0.06635487051980456 0.02422757179195128 0.024873669516431704 0.11919514431680936 0.039885954357968684 90.25179188374759 124.62193413923308 0.0034884340897790704 0.10195919310091885 0.015864770156358992 0.0601785782487335 181.97578336073894 184.64498394419624 6.238022134458319 5.549936302243897 6.5837021498365464 0.08997074678872954 0.04460336380831012 0.02897453614567163 8.96087129193133 2.9133562393387367 111946.15774621732 40305.29765793044 3562.2430853268684 11219.394638794443 27956.784517031334
