tables/table-std.ecsv
# %ECSV 0.9
# ---
# datatype:
# - name: model
#   datatype: string
# - name: phase
#   datatype: string
# - name: z
#   datatype: string
# - name: mass
#   unit: solMass / (kpc2 yr)
#   datatype: float64
# - name: mom
#   unit: km solMass / (kpc2 s yr)
#   datatype: float64
# - name: energy
#   unit: erg / (kpc2 yr)
#   datatype: float64
# - name: metal
#   unit: solMass / (kpc2 yr)
#   datatype: float64
# - name: metal_sn
#   unit: solMass / (kpc2 yr)
#   datatype: float64
# - name: mass_loading
#   datatype: float64
# - name: mom_loading
#   datatype: float64
# - name: energy_loading
#   datatype: float64
# - name: metal_loading
#   datatype: float64
# - name: metal_sn_loading
#   datatype: float64
# - name: vout
#   unit: km / s
#   datatype: float64
# - name: vB
#   unit: km / s
#   datatype: float64
# - name: Z
#   datatype: float64
# - name: enrichment
#   datatype: float64
# - name: fmass_sn
#   datatype: float64
# - name: fmetal_sn
#   datatype: float64
# - name: H
#   unit: pc
#   datatype: float64
# - name: H_2p
#   unit: pc
#   datatype: float64
# - name: v3
#   unit: km / s
#   datatype: float64
# - name: v3_2p
#   unit: km / s
#   datatype: float64
# - name: sfr10
#   unit: solMass / (kpc2 yr)
#   datatype: float64
# - name: sfr40
#   unit: solMass / (kpc2 yr)
#   datatype: float64
# - name: sfr100
#   unit: solMass / (kpc2 yr)
#   datatype: float64
# - name: surf
#   unit: solMass / pc2
#   datatype: float64
# - name: nmid
#   unit: 1 / cm3
#   datatype: float64
# - name: Pmid
#   unit: K / cm3
#   datatype: float64
# - name: W
#   unit: K / cm3
#   datatype: float64
# - name: nmid_2p
#   unit: 1 / cm3
#   datatype: float64
# - name: Pmid_2p
#   unit: K / cm3
#   datatype: float64
# - name: W_2p
#   unit: K / cm3
#   datatype: float64
# - name: tdep10
#   unit: Myr
#   datatype: float64
# - name: tdep40
#   unit: Myr
#   datatype: float64
# - name: tdep100
#   unit: Myr
#   datatype: float64
# meta: !!omap
# - __serialized_columns__:
#     H:
#       __class__: astropy.units.quantity.Quantity
#       unit: &id001 !astropy.units.Unit
#         unit: pc
#       value: !astropy.table.SerializedColumn
#         name: H
#     H_2p:
#       __class__: astropy.units.quantity.Quantity
#       unit: *id001
#       value: !astropy.table.SerializedColumn
#         name: H_2p
#     Pmid:
#       __class__: astropy.units.quantity.Quantity
#       unit: !astropy.units.Unit
#         unit: K / cm3
#       value: !astropy.table.SerializedColumn
#         name: Pmid
#     Pmid_2p:
#       __class__: astropy.units.quantity.Quantity
#       unit: !astropy.units.Unit
#         unit: K / cm3
#       value: !astropy.table.SerializedColumn
#         name: Pmid_2p
#     W:
#       __class__: astropy.units.quantity.Quantity
#       unit: !astropy.units.Unit
#         unit: K / cm3
#       value: !astropy.table.SerializedColumn
#         name: W
#     W_2p:
#       __class__: astropy.units.quantity.Quantity
#       unit: !astropy.units.Unit
#         unit: K / cm3
#       value: !astropy.table.SerializedColumn
#         name: W_2p
#     energy:
#       __class__: astropy.units.quantity.Quantity
#       unit: !astropy.units.Unit
#         unit: erg / (kpc2 yr)
#       value: !astropy.table.SerializedColumn
#         name: energy
#     mass:
[...]
#       unit: !astropy.units.Unit
#         unit: solMass / pc2
#       value: !astropy.table.SerializedColumn
#         name: surf
#     tdep10:
#       __class__: astropy.units.quantity.Quantity
#       unit: &id002 !astropy.units.Unit
#         unit: Myr
#       value: !astropy.table.SerializedColumn
#         name: tdep10
#     tdep100:
#       __class__: astropy.units.quantity.Quantity
#       unit: *id002
#       value: !astropy.table.SerializedColumn
#         name: tdep100
#     tdep40:
#       __class__: astropy.units.quantity.Quantity
#       unit: *id002
#       value: !astropy.table.SerializedColumn
#         name: tdep40
#     v3:
#       __class__: astropy.units.quantity.Quantity
#       unit: !astropy.units.Unit
#         unit: km / s
#       value: !astropy.table.SerializedColumn
#         name: v3
#     v3_2p:
#       __class__: astropy.units.quantity.Quantity
#       unit: !astropy.units.Unit
#         unit: km / s
#       value: !astropy.table.SerializedColumn
#         name: v3_2p
#     vB:
#       __class__: astropy.units.quantity.Quantity
#       unit: !astropy.units.Unit
#         unit: km / s
#       value: !astropy.table.SerializedColumn
#         name: vB
#     vout:
#       __class__: astropy.units.quantity.Quantity
#       unit: !astropy.units.Unit
#         unit: km / s
#       value: !astropy.table.SerializedColumn
#         name: vout
# schema: astropy-2.0
model phase z mass mom energy metal metal_sn mass_loading mom_loading energy_loading metal_loading metal_sn_loading vout vB Z enrichment fmass_sn fmetal_sn H H_2p v3 v3_2p sfr10 sfr40 sfr100 surf nmid Pmid W nmid_2p Pmid_2p W_2p tdep10 tdep40 tdep100
R2 cool H 0.47199681846574465 33.550650771366676 4.822955646228673e+46 0.01922152014912389 0.0020279140176437276 0.5138684727914883 0.012155982849569731 0.00392987395412449 1.048696973160604 0.09341900393420705 10.852084927736025 21.695814724869912 0.004231044363953756 0.08434764112693882 0.013933684969488373 0.07605162688775996 108.93367891928273 106.74028194737348 14.849166312095173 9.858035757154708 1.0449172833607516 0.4791783976168722 0.30746053257453065 29.72024294924429 5.6095375461743515 740733.6055743245 458210.79201472126 17.707606284588838 1469214.6953423896 469481.2010470347 9667.261668389161 38729.414682047805 96831.32326305883
R2 int H 0.02696777970851484 5.290553299323823 1.686403923116154e+46 0.0010023482660209285 0.00028966743812422783 0.023208951513503814 0.0015578957627226352 0.0012166132424122724 0.05272817387692324 0.009817489922489408 15.344656073500218 21.736173106198617 0.004645742067138399 0.07615407097430757 0.0097348856181776 0.0571809513507956 108.93367891928273 106.74028194737348 14.849166312095173 9.858035757154708 1.0449172833607516 0.4791783976168722 0.30746053257453065 29.72024294924429 5.6095375461743515 740733.6055743245 458210.79201472126 17.707606284588838 1469214.6953423896 469481.2010470347 9667.261668389161 38729.414682047805 96831.32326305883
R2 hot H 0.0493559384175129 68.30629222939606 1.561963244881184e+48 0.00393418513033135 0.003064633436107999 0.041939848245274226 0.020990683552624866 0.11834586326247781 0.16881300220957549 0.1128611363407037 40.42987485075422 231.5257676924076 0.00943185086209044 0.3422662649011363 0.05092150266440264 0.07596408716139091 108.93367891928273 106.74028194737348 14.849166312095173 9.858035757154708 1.0449172833607516 0.4791783976168722 0.30746053257453065 29.72024294924429 5.6095375461743515 740733.6055743245 458210.79201472126 17.707606284588838 1469214.6953423896 469481.2010470347 9667.261668389161 38729.414682047805 96831.32326305883
R4 cool H 0.3236168822308528 14.291147972959978 1.1363820054636643e+46 0.009848687935654398 0.0005652169771767888 4.304840967090771 0.0630654586202092 0.009200147482295404 6.2983187238796114 0.2226116859026799 11.100673422131479 17.757889811231742 0.001865543588070172 0.06576259698437383 0.009204066830303448 0.05934677391699598 115.47837086968231 117.02615328846275 8.326516633520848 7.3199410725452845 0.16068000463088247 0.09344893318339936 0.05837734893832546 8.452619175717567 2.246412757881436 190376.38012305053 82405.03563767663 6.5624783261377075 302470.750669843 81262.14938284142 4234.698155280157 16999.71669796205 42535.7427773095
R4 int H 0.009150422122823876 1.4337939217323616 3.482158250319122e+45 0.00027979081446419403 6.458341340476146e-05 0.06237809973682439 0.0029862242106081 0.001735617352835187 0.1060241081625841 0.01539979001071799 15.888887309460632 17.901835545108078 0.001732028453331654 0.05839277747401537 0.00750306742170154 0.04912729838589908 115.47837086968231 117.02615328846275 8.326516633520848 7.3199410725452845 0.16068000463088247 0.09344893318339936 0.05837734893832546 8.452619175717567 2.246412757881436 190376.38012305053 82405.03563767663 6.5624783261377075 302470.750669843 81262.14938284142 4234.698155280157 16999.71669796205 42535.7427773095
R4 hot H 0.01368677012146503 14.74646722231544 2.468173334834603e+47 0.0008411374801036365 0.0006024056861939909 0.1280407609597254 0.030175123720305855 0.09236372813954097 0.27565942235649665 0.11447100175174228 48.86658766455268 177.27562305355454 0.005519097174558694 0.27685244937534703 0.03741948747774459 0.10600702706876984 115.47837086968231 117.02615328846275 8.326516633520848 7.3199410725452845 0.16068000463088247 0.09344893318339936 0.05837734893832546 8.452619175717567 2.246412757881436 190376.38012305053 82405.03563767663 6.5624783261377075 302470.750669843 81262.14938284142 4234.698155280157 16999.71669796205 42535.7427773095
R8 cool H 0.02740215855722929 0.6477598219656345 3.578834789949162e+44 0.0005949165236410794 1.5232553767425823e-05 4.898468006390892 0.04293216076387036 0.005834823770422833 5.125810397902471 0.1354643035079341 3.9452842669178136 8.568307401952367 0.0006472886405921621 0.009453163604387676 0.0011767149953478286 0.009827671219406978 95.76887024182327 93.4080225203925 3.1804912254967506 1.618323927554126 0.003509093921488071 0.0018953546805013607 0.0013913821599619998 0.8958900311079586 0.25136660741982286 4371.845274251732 2629.834167149538 0.2940521035508978 4211.270976854283 2549.6768560633773 11571.493547774962 16345.908949996521 41180.888324233754
R8 int H 0.0007082308341549604 0.07092352000471075 1.4698236269889514e+44 1.6642556887450156e-05 1.6345331958256566e-06 0.17432953519835967 0.006101627098791972 0.00296501269755166 0.1966633509408216 0.01800699912327287 11.774503645987458 20.775212262269505 0.000774646574163795 0.0230877575821658 0.0028207292256122356 0.020896801535602406 95.76887024182327 93.4080225203925 3.1804912254967506 1.618323927554126 0.003509093921488071 0.0018953546805013607 0.0013913821599619998 0.8958900311079586 0.25136660741982286 4371.845274251732 2629.834167149538 0.2940521035508978 4211.270976854283 2549.6768560633773 11571.493547774962 16345.908949996521 41180.888324233754
R8 hot H 0.0008153092155373617 0.5057199502267229 4.797823061980432e+45 2.6737833930644705e-05 1.103568684284482e-05 0.2531968054451281 0.0560593961094105 0.12679678224761567 0.3915134559491226 0.1497712697941719 41.09552850953812 151.53380652183006 0.004098738403094896 0.17122793568219136 0.021679928736312425 0.07518316996499126 95.76887024182327 93.4080225203925 3.1804912254967506 1.618323927554126 0.003509093921488071 0.0018953546805013607 0.0013913821599619998 0.8958900311079586 0.25136660741982286 4371.845274251732 2629.834167149538 0.2940521035508978 4211.270976854283 2549.6768560633773 11571.493547774962 16345.908949996521 41180.888324233754
R16 cool H 0.0037357788178707086 0.049502402018781415 1.6270284185198804e+43 7.558400580650695e-05 2.6291396237064876e-08 83.53987311218195 0.3846591076864444 0.027100760051769663 80.46339541663534 0.015272128012039338 2.2120464044018497 2.8560337106912557 9.211052204782451e-05 0.00273786926157643 7.76737488415008e-05 0.0007994628858105158 302.39262220510943 300.8366204594404 2.2550609621879065 2.080621870002977 9.295708015672751e-05 6.832358067613016e-05 4.840915827222778e-05 0.01873501649929709 0.04661829567955481 395.52625935357344 143.531995735644 0.04030752375545402 360.7053227734048 142.40733333590296 9896236.366940368 42357.834481068414 111862.84324039367
R16 int H 3.662516530393585e-05 0.0027927328076397142 4.7072670613259984e+42 7.868615656259967e-07 5.572850984417094e-08 0.39084730008963137 0.011615982531730707 0.005083524783134179 0.3983014010621373 0.02784110119628237 9.891634672066514 17.0339853401716 0.000814599614936236 0.04047533721268446 0.005133915696200607 0.0324848598460274 302.39262220510943 300.8366204594404 2.2550609621879065 2.080621870002977 9.295708015672751e-05 6.832358067613016e-05 4.840915827222778e-05 0.01873501649929709 0.04661829567955481 395.52625935357344 143.531995735644 0.04030752375545402 360.7053227734048 142.40733333590296 9896236.366940368 42357.834481068414 111862.84324039367
R16 hot H 1.938506781777935e-05 0.015225179121063328 1.2442159160283788e+44 6.1347803330803e-07 2.920220260393534e-07 0.20625967837015904 0.04882534225893887 0.12315025809786369 0.30183106048874037 0.14739822741010528 37.099916354364034 248.23517934194575 0.008851347641766968 0.4381541129170118 0.05088678846536661 0.14714311087999543 302.39262220510943 300.8366204594404 2.2550609621879065 2.080621870002977 9.295708015672751e-05 6.832358067613016e-05 4.840915827222778e-05 0.01873501649929709 0.04661829567955481 395.52625935357344 143.531995735644 0.04030752375545402 360.7053227734048 142.40733333590296 9896236.366940368 42357.834481068414 111862.84324039367
LGR2 cool H 0.44468571536783164 26.730157153014822 2.976312051733162e+46 0.014702629672600819 0.001298248283488252 0.7251931693898003 0.01281157024160049 0.003464099815635513 1.244301246081053 0.09554620683348697 8.848695108171219 14.069554767421542 0.004281805039746317 0.042381286262753774 0.008336787007681638 0.042517815813302794 119.40132328247 121.38184090256244 9.14357059920107 7.475341231622266 0.44142015937295176 0.2788871913253419 0.20609880238810585 32.95951885361561 4.730292176822964 523245.8044548742 307833.86416708404 7.342526084507511 550585.7154372552 309819.67059909494 5477.540218580101 22028.543315953804 55116.09446233182
LGR2 int H 0.01592166863647041 2.5606873826570427 6.947188539404552e+45 0.0006180063544610448 0.00013291490606993415 0.02528353618401878 0.0014070981372041858 0.0009035936873678108 0.05274425925897894 0.009693241851512 18.096981454498472 20.745511552900926 0.003822953714836092 0.0498276491016102 0.007591146098163773 0.03996885477963558 119.40132328247 121.38184090256244 9.14357059920107 7.475341231622266 0.44142015937295176 0.2788871913253419 0.20609880238810585 32.95951885361561 4.730292176822964 523245.8044548742 307833.86416708404 7.342526084507511 550585.7154372552 309819.67059909494 5477.540218580101 22028.543315953804 55116.09446233182
LGR2 hot H 0.02577165185263444 29.061886534897166 5.410124461936934e+47 0.0019022336009592803 0.001314847080767562 0.07667699436657517 0.022098073023398123 0.08016737271052148 0.20964284708826686 0.09817772891718932 65.84127971555965 220.8574164117837 0.007939388588564356 0.27674680352011216 0.04792067128695496 0.10627236774984088 119.40132328247 121.38184090256244 9.14357059920107 7.475341231622266 0.44142015937295176 0.2788871913253419 0.20609880238810585 32.95951885361561 4.730292176822964 523245.8044548742 307833.86416708404 7.342526084507511 550585.7154372552 309819.67059909494 5477.540218580101 22028.543315953804 55116.09446233182
LGR4 cool H 0.548277586414503 17.757592797585605 9.904880374077928e+45 0.013081666292957723 0.0002693749870515186 3.726028080867683 0.03837084730742246 0.005386247094806151 4.402885979187172 0.1119690264767186 6.959577675009756 11.94127683128244 0.0023368879254354346 0.034403909672919265 0.004537878604812892 0.031464939248169635 193.50619122432104 196.36398122535573 6.694645769109358 6.060483996800368 0.10229649258478302 0.04792159103804254 0.03200016129772403 9.614533738431945 2.9260437533893455 95561.17809622134 41861.30219085263 3.146847451108768 125504.21150142871 42851.58134408397 6665.05855083838 26716.161396781044 66910.3073099749
LGR4 int H 0.008004836344817952 1.0392574739885394 2.2093408001188414e+45 0.0002292603984454768 3.385144526839221e-05 0.05104025660091796 0.0024841884138701933 0.0013778809139265037 0.07536768835913156 0.009955420755964476 19.344658625094766 22.204949863225657 0.002003674814827762 0.029713279362842616 0.0038826845275999867 0.026418763896591816 193.50619122432104 196.36398122535573 6.694645769109358 6.060483996800368 0.10229649258478302 0.04792159103804254 0.03200016129772403 9.614533738431945 2.9260437533893455 95561.17809622134 41861.30219085263 3.146847451108768 125504.21150142871 42851.58134408397 6665.05855083838 26716.161396781044 66910.3073099749
LGR4 hot H 0.010477315417277921 8.211750929388929 1.0303916510743552e+47 0.0004919078931233823 0.0002620910474517422 0.10297529427813251 0.025905379400142075 0.0748081265079108 0.21221642283656117 0.09588956368097713 61.97987989615787 150.68464165235557 0.004435069370486496 0.1856924845651376 0.025063183719934434 0.08360114819888072 193.50619122432104 196.36398122535573 6.694645769109358 6.060483996800368 0.10229649258478302 0.04792159103804254 0.03200016129772403 9.614533738431945 2.9260437533893455 95561.17809622134 41861.30219085263 3.146847451108768 125504.21150142871 42851.58134408397 6665.05855083838 26716.161396781044 66910.3073099749
LGR8 cool H 0.05221049552429576 1.2248429054468015 5.266684157725642e+44 0.0011281075973485822 1.1240079611032741e-05 17.419615597241116 0.11315606429080922 0.009692669701687652 17.80750418506542 0.16546505796135902 4.854929901014065 7.70903775726985 0.0006251273164186443 0.008920706893021001 0.0010870923796801604 0.009561491230236701 218.64870974734924 221.8527766122149 4.804351420566866 3.627556367341688 0.0030189098355285072 0.001998337492530023 0.0012237578128319031 0.7989894330841049 0.20240609233711562 4812.946892979158 1194.446261737615 0.26975550734659254 4423.491667510513 1200.4205196233227 11854.067630665159 35131.67666981679 88365.82486349225
LGR8 int H 0.0010120882233066034 0.1060308525961088 2.0304860610941927e+44 2.3745143527905178e-05 2.011587667407574e-06 0.211512234951435 0.007528007893005541 0.0033966800559625506 0.23393739215020556 0.019310745534603106 19.639522264138762 28.21381217209182 0.0025824968802584647 0.11136666598293421 0.013763578227450297 0.0783415843214632 218.64870974734924 221.8527766122149 4.804351420566866 3.627556367341688 0.0030189098355285072 0.001998337492530023 0.0012237578128319031 0.7989894330841049 0.20240609233711562 4812.946892979158 1194.446261737615 0.26975550734659254 4423.491667510513 1200.4205196233227 11854.067630665159 35131.67666981679 88365.82486349225
LGR8 hot H 0.001311339593640269 0.6689750476645709 5.38009431958175e+45 4.045869056409186e-05 1.3420171940463203e-05 0.26741152671840707 0.04792694485405998 0.09163084754124429 0.3804204005337299 0.11945281574560933 70.34639339126697 164.17767304375138 0.0032354835950961103 0.1498274688177917 0.02143566339020639 0.07967537745115925 218.64870974734924 221.8527766122149 4.804351420566866 3.627556367341688 0.0030189098355285072 0.001998337492530023 0.0012237578128319031 0.7989894330841049 0.20240609233711562 4812.946892979158 1194.446261737615 0.26975550734659254 4423.491667510513 1200.4205196233227 11854.067630665159 35131.67666981679 88365.82486349225
R2 cool 2H 0.18536010620080864 19.77345555422267 3.5495626831589713e+46 0.006603937206706593 0.0017316584638311385 0.1638246316431598 0.006951372001377238 0.0031614355848932694 0.34042981580511433 0.06374417093108031 21.07206459395968 24.098813615415136 0.005083203156863572 0.07775977376908133 0.011569813638754487 0.05813597714418092 108.93367891928273 106.74028194737348 14.849166312095173 9.858035757154708 1.0449172833607516 0.4791783976168722 0.30746053257453065 29.72024294924429 5.6095375461743515 740733.6055743245 458210.79201472126 17.707606284588838 1469214.6953423896 469481.2010470347 9667.261668389161 38729.414682047805 96831.32326305883
R2 int 2H 0.02315994701069376 4.679637718537006 1.4371222753373223e+46 0.000947008605825768 0.0003055470796701665 0.02152197703059709 0.0016577215913333714 0.0012552925874538777 0.0500103753842004 0.011399657846508527 28.39504664763121 26.747998477603744 0.0050084888269026325 0.08667885530502858 0.011111911368916906 0.05720428744795216 108.93367891928273 106.74028194737348 14.849166312095173 9.858035757154708 1.0449172833607516 0.4791783976168722 0.30746053257453065 29.72024294924429 5.6095375461743515 740733.6055743245 458210.79201472126 17.707606284588838 1469214.6953423896 469481.2010470347 9667.261668389161 38729.414682047805 96831.32326305883
R2 hot 2H 0.046874977231415677 50.64432219713742 9.403656945649076e+47 0.0033336682175532173 0.0020478467692336987 0.04780573849804378 0.020399441029379517 0.09649552743610634 0.17596793822266085 0.10324292868272758 75.93198754178877 240.2637014610072 0.009566297010831995 0.20479897411623577 0.042397385954072234 0.07222240725181392 108.93367891928273 106.74028194737348 14.849166312095173 9.858035757154708 1.0449172833607516 0.4791783976168722 0.30746053257453065 29.72024294924429 5.6095375461743515 740733.6055743245 458210.79201472126 17.707606284588838 1469214.6953423896 469481.2010470347 9667.261668389161 38729.414682047805 96831.32326305883
