tables/table-std-err.ecsv
# %ECSV 0.9
# ---
# datatype:
# - {name: model, datatype: string}
# - {name: phase, datatype: string}
# - {name: z, datatype: string}
# - {name: mass, unit: solMass / (kpc2 yr), datatype: float64}
# - {name: mom_kin, datatype: float64}
# - {name: energy, unit: erg / (kpc2 yr), datatype: float64}
# - {name: metal, unit: solMass / (kpc2 yr), datatype: float64}
# - {name: metal_sn, unit: solMass / (kpc2 yr), datatype: float64}
# - {name: mass_loading, datatype: float64}
# - {name: mom_kin_loading, datatype: float64}
# - {name: energy_loading, datatype: float64}
# - {name: metal_loading, datatype: float64}
# - {name: metal_sn_loading, datatype: float64}
# - {name: vout_flux, unit: km / s, datatype: float64}
# - {name: vB, unit: km / s, datatype: float64}
# - {name: Z, datatype: float64}
# - {name: enrichment, datatype: float64}
# - {name: fmass_sn, datatype: float64}
# - {name: fmetal_sn, datatype: float64}
# - {name: H, unit: pc, datatype: float64}
# - {name: H_2p, unit: pc, datatype: float64}
# - {name: v3, unit: km / s, datatype: float64}
# - {name: v3_2p, unit: km / s, datatype: float64}
# - {name: sigma_eff, unit: km / s, datatype: float64}
# - {name: sfr10, unit: solMass / (kpc2 yr), datatype: float64}
# - {name: sfr40, unit: solMass / (kpc2 yr), datatype: float64}
# - {name: sfr100, unit: solMass / (kpc2 yr), datatype: float64}
# - {name: surf, unit: solMass / pc2, datatype: float64}
# - {name: nmid_2p, unit: 1 / cm3, datatype: float64}
# - {name: Pmid_2p, unit: K / cm3, datatype: float64}
# - {name: W_2p, unit: K / cm3, datatype: float64}
# - {name: tdep10, unit: Myr, datatype: float64}
# - {name: tdep40, unit: Myr, datatype: float64}
# - {name: tdep100, unit: Myr, datatype: float64}
# meta: !!omap
# - __serialized_columns__:
#     H:
#       __class__: astropy.units.quantity.Quantity
#       unit: &id001 !astropy.units.Unit {unit: pc}
#       value: !astropy.table.SerializedColumn {name: H}
#     H_2p:
#       __class__: astropy.units.quantity.Quantity
#       unit: *id001
#       value: !astropy.table.SerializedColumn {name: H_2p}
#     Pmid_2p:
#       __class__: astropy.units.quantity.Quantity
#       unit: !astropy.units.Unit {unit: K / cm3}
#       value: !astropy.table.SerializedColumn {name: Pmid_2p}
#     W_2p:
#       __class__: astropy.units.quantity.Quantity
#       unit: !astropy.units.Unit {unit: K / cm3}
#       value: !astropy.table.SerializedColumn {name: W_2p}
#     Z:
#       __class__: astropy.units.quantity.Quantity
#       unit: !astropy.units.Unit {unit: ''}
#       value: !astropy.table.SerializedColumn {name: Z}
#     energy:
#       __class__: astropy.units.quantity.Quantity
#       unit: !astropy.units.Unit {unit: erg / (kpc2 yr)}
#       value: !astropy.table.SerializedColumn {name: energy}
#     energy_loading:
#       __class__: astropy.units.quantity.Quantity
#       unit: !astropy.units.Unit {unit: ''}
#       value: !astropy.table.SerializedColumn {name: energy_loading}
#     enrichment:
#       __class__: astropy.units.quantity.Quantity
#       unit: !astropy.units.Unit {unit: ''}
#       value: !astropy.table.SerializedColumn {name: enrichment}
#     fmass_sn:
#       __class__: astropy.units.quantity.Quantity
#       unit: !astropy.units.Unit {unit: ''}
#       value: !astropy.table.SerializedColumn {name: fmass_sn}
#     fmetal_sn:
[...]
#     surf:
#       __class__: astropy.units.quantity.Quantity
#       unit: !astropy.units.Unit {unit: solMass / pc2}
#       value: !astropy.table.SerializedColumn {name: surf}
#     tdep10:
#       __class__: astropy.units.quantity.Quantity
#       unit: &id002 !astropy.units.Unit {unit: Myr}
#       value: !astropy.table.SerializedColumn {name: tdep10}
#     tdep100:
#       __class__: astropy.units.quantity.Quantity
#       unit: *id002
#       value: !astropy.table.SerializedColumn {name: tdep100}
#     tdep40:
#       __class__: astropy.units.quantity.Quantity
#       unit: *id002
#       value: !astropy.table.SerializedColumn {name: tdep40}
#     v3:
#       __class__: astropy.units.quantity.Quantity
#       unit: !astropy.units.Unit {unit: km / s}
#       value: !astropy.table.SerializedColumn {name: v3}
#     v3_2p:
#       __class__: astropy.units.quantity.Quantity
#       unit: !astropy.units.Unit {unit: km / s}
#       value: !astropy.table.SerializedColumn {name: v3_2p}
#     vB:
#       __class__: astropy.units.quantity.Quantity
#       unit: !astropy.units.Unit {unit: km / s}
#       value: !astropy.table.SerializedColumn {name: vB}
#     vout_flux:
#       __class__: astropy.units.quantity.Quantity
#       unit: !astropy.units.Unit {unit: km / s}
#       value: !astropy.table.SerializedColumn {name: vout_flux}
# schema: astropy-2.0
model phase z mass mom_kin energy metal metal_sn mass_loading mom_kin_loading energy_loading metal_loading metal_sn_loading vout_flux vB Z enrichment fmass_sn fmetal_sn H H_2p v3 v3_2p sigma_eff sfr10 sfr40 sfr100 surf nmid_2p Pmid_2p W_2p tdep10 tdep40 tdep100
R2 cool H 0.19952399792717548 13.408447361567033 2.1122421013182069e+46 0.008314464919832953 0.0006213409475394634 0.1496659350835262 0.015305674218306769 0.0015289524598120605 0.29818059466245844 0.022520167992067814 4.920612213576332 5.915270694572571 0.0011005728022011737 0.020394046588523673 0.0034259305144590016 0.018712752900117265 17.7576144812941 17.039438853717083 3.609703828596511 2.1770771008099636 3.465164074304384 0.36906301433611516 0.09305463262505694 0.0650878609282861 6.295355944050347 5.015761172291211 464145.617013005 93641.01915420055 6880.369758171986 27616.983218824782 69040.95467066704
R2 int H 0.010702463965539862 2.0490252672106837 7.383049994511241e+45 0.00037020557308471024 0.0001067686266219366 0.008479621981600722 0.002367098128904169 0.000533321538466035 0.013934322215249905 0.004052085477180273 5.87696001065677 6.345626754350805 0.0011231189457502812 0.0187576277451576 0.0023348398552771625 0.014696439388963803 17.7576144812941 17.039438853717083 3.609703828596511 2.1770771008099636 3.465164074304384 0.36906301433611516 0.09305463262505694 0.0650878609282861 6.295355944050347 5.015761172291211 464145.617013005 93641.01915420055 6880.369758171986 27616.983218824782 69040.95467066704
R2 hot H 0.01232582981711378 8.863183188589396 3.992605097400954e+47 0.0009356753073528633 0.0007707218962686057 0.010584685694758681 0.011118415044127765 0.030503150235231164 0.037644849372029214 0.029570518011010655 25.23737382760304 61.08487065348681 0.002734789617983632 0.08417774066064973 0.0135718498258945 0.015891946629744014 17.7576144812941 17.039438853717083 3.609703828596511 2.1770771008099636 3.465164074304384 0.36906301433611516 0.09305463262505694 0.0650878609282861 6.295355944050347 5.015761172291211 464145.617013005 93641.01915420055 6880.369758171986 27616.983218824782 69040.95467066704
R4 cool H 0.15156727422887503 6.064512151104004 5.317345407549162e+45 0.004654837844032568 0.00025127647173756593 1.1087857010628608 0.06942317647410476 0.003950244940715572 1.635503942133093 0.09351030004092019 4.556771833803297 5.424860542035667 0.000509384762514151 0.017747482225458182 0.002367453509876947 0.015269135925563 21.57945237964609 21.778902041293982 1.7480208666826336 1.3380374630592244 2.141105074399169 0.05863336018724165 0.02315040161238341 0.010085443474359244 1.6899367970268016 1.7202731201019472 108576.47034884673 20505.978750742015 3386.0403537315337 13943.024774541596 34879.83676044258
R4 int H 0.003928354230969209 0.6294221322854641 1.7249996769276495e+45 0.00011281461633225697 2.8838236370789055e-05 0.038395718011573515 0.00820841412942788 0.0014047527577496462 0.056987396359738186 0.01157379733363299 5.647565292243292 5.683336473126568 0.00046671195470172444 0.017809006210663086 0.002120953403141858 0.014000785099364749 21.57945237964609 21.778902041293982 1.7480208666826336 1.3380374630592244 2.141105074399169 0.05863336018724165 0.02315040161238341 0.010085443474359244 1.6899367970268016 1.7202731201019472 108576.47034884673 20505.978750742015 3386.0403537315337 13943.024774541596 34879.83676044258
R4 hot H 0.0059686691982105185 4.391479387466877 1.3178631352155373e+47 0.0003939892102769602 0.0003120052295080352 0.06526871958132066 0.055565982746231396 0.09472119084007882 0.17258960146935423 0.11326541244747812 29.97151773676202 61.24701152829397 0.0018830800426004582 0.1232136833502066 0.014613624314904967 0.03661302502341868 21.57945237964609 21.778902041293982 1.7480208666826336 1.3380374630592244 2.141105074399169 0.05863336018724165 0.02315040161238341 0.010085443474359244 1.6899367970268016 1.7202731201019472 108576.47034884673 20505.978750742015 3386.0403537315337 13943.024774541596 34879.83676044258
R8 cool H nan nan nan nan nan 1.6595872069169724 0.04481975283712908 0.001938784206062278 1.6909819185762776 0.037559937540257174 nan nan nan nan nan nan 19.02815934502335 17.591707140879993 0.874049651948334 0.41487512354884576 0.9935451991145334 0.0009636531288917477 0.00037042505120518497 0.0003511722612889741 0.14185211463122033 0.07340104731588237 1660.023756014772 563.9207824076709 7549.879741450037 14622.422380548049 37480.782590347735
R8 int H nan nan nan nan nan 0.04005562174644418 0.004718370932192549 0.0007967315516065389 0.045464024903637046 0.0042274281248059235 nan nan nan nan nan nan 19.02815934502335 17.591707140879993 0.874049651948334 0.41487512354884576 0.9935451991145334 0.0009636531288917477 0.00037042505120518497 0.0003511722612889741 0.14185211463122033 0.07340104731588237 1660.023756014772 563.9207824076709 7549.879741450037 14622.422380548049 37480.782590347735
R8 hot H nan nan nan nan nan 0.04476073258757235 0.018080339233999678 0.030276439919360652 0.07018746094464375 0.030509063047941435 nan nan nan nan nan nan 19.02815934502335 17.591707140879993 0.874049651948334 0.41487512354884576 0.9935451991145334 0.0009636531288917477 0.00037042505120518497 0.0003511722612889741 0.14185211463122033 0.07340104731588237 1660.023756014772 563.9207824076709 7549.879741450037 14622.422380548049 37480.782590347735
R16 cool H 0.0008756693266259781 0.00881709884878141 4.174712733025998e+42 1.769387622169785e-05 2.1017026705661792e-08 15.890740573554659 0.2202100957662327 0.006627403901876545 15.3295611828058 0.009641646054203859 1.0444742799560467 0.8597363000274615 2.9514171468849298e-05 0.0009969165086085154 6.393214848750736e-05 0.0006447378725453496 47.694195147870424 47.80691132116211 0.3461043351430779 0.36796876956157704 0.38838121867782394 3.484143790087756e-05 1.9877762909554198e-05 9.866183406780516e-06 0.003760728759965509 0.008592729379145026 97.6344374290648 22.932005354430107 nan nan nan
R16 int H 1.2217175706892778e-05 0.0007321141854355724 2.146672977473684e+42 2.582856013780222e-07 1.9109848401632042e-08 0.1387496263228454 0.011471273476844509 0.0020598603423596326 0.1413581911151717 0.010333716694467513 5.350297195609437 6.821262284212565 0.0005972308640768114 0.029899102773746102 0.0029956796360964505 0.021415802553250204 47.694195147870424 47.80691132116211 0.3461043351430779 0.36796876956157704 0.38838121867782394 3.484143790087756e-05 1.9877762909554198e-05 9.866183406780516e-06 0.003760728759965509 0.008592729379145026 97.6344374290648 22.932005354430107 nan nan nan
R16 hot H 8.989587319928316e-06 0.0024138756014871316 7.675865240406864e+43 2.8224418969285577e-07 1.5673115260939947e-07 0.08602401526311926 0.035605545412308835 0.06754714331037284 0.1281415422960972 0.07118500193376308 31.958997632024026 112.71805606545846 0.004643676405259081 0.23025474265575 0.022871729154459383 0.05132345382209477 47.694195147870424 47.80691132116211 0.3461043351430779 0.36796876956157704 0.38838121867782394 3.484143790087756e-05 1.9877762909554198e-05 9.866183406780516e-06 0.003760728759965509 0.008592729379145026 97.6344374290648 22.932005354430107 nan nan nan
LGR2 cool H 0.1616922764921588 10.833702513262876 1.3553831300554162e+46 0.005537497011407361 0.0005314643642547417 0.28657866456138487 0.029786017155393776 0.002374944436021176 0.4709741168741737 0.04448498739993779 3.468980971160308 4.533218158535376 0.0010065662124527507 0.011862449350018699 0.0025131351231384154 0.01165035313284771 33.61981101408991 33.59578402155076 1.9134582231954407 1.6285502187278438 2.0736512057567658 0.1284326675526055 0.04273683778615029 0.043844759204984034 5.681515060005485 2.2488231540031185 225492.70951385432 52189.32310918271 4578.909428709146 18554.03984515876 46425.11542295768
LGR2 int H 0.005161810076546305 0.8196515131726384 2.6366574970197456e+45 0.0002104528899666365 4.410646938215751e-05 0.010392393635459336 0.0025272114542440353 0.000510610894389666 0.020430711701787573 0.004307603811442147 6.576914469514667 7.638169205626126 0.0009264567289329652 0.01399879308533011 0.0022994666810808562 0.011621473355757075 33.61981101408991 33.59578402155076 1.9134582231954407 1.6285502187278438 2.0736512057567658 0.1284326675526055 0.04273683778615029 0.043844759204984034 5.681515060005485 2.2488231540031185 225492.70951385432 52189.32310918271 4578.909428709146 18554.03984515876 46425.11542295768
LGR2 hot H 0.008273180412401314 7.016866905057052 2.2647748250037368e+47 0.0007071616475683686 0.0005318055161372274 0.017139898788007344 0.020516378558722737 0.04020928027548756 0.06528467099855666 0.04761419094381279 41.07647324291068 65.23377223786807 0.002555334086027295 0.07701061129393613 0.014767223060902933 0.031385221087560713 33.61981101408991 33.59578402155076 1.9134582231954407 1.6285502187278438 2.0736512057567658 0.1284326675526055 0.04273683778615029 0.043844759204984034 5.681515060005485 2.2488231540031185 225492.70951385432 52189.32310918271 4578.909428709146 18554.03984515876 46425.11542295768
LGR4 cool H 0.2654074934032817 8.032022177770758 4.791023709189697e+45 0.006090785635499979 0.00012255515967704198 2.5970249547431883 0.1199106382690471 0.004468770358588802 2.866416796213821 0.05702689902978373 3.499972608406582 3.928860800528758 0.0006127436081103093 0.010606865383476048 0.0013343297655539926 0.009835956831880608 33.904901382226335 34.34733299270891 1.1964225630626026 1.3601717039778134 1.1436827819760933 0.039655441534651364 0.008712154916939415 0.008555650583685234 1.5532803266480697 1.0073087067595146 39167.28215917053 7253.57994588956 5094.235811354318 22162.350164199503 55579.71529558622
LGR4 int H 0.002796975941726745 0.3260237735769011 8.404767633258757e+44 7.257666398337752e-05 1.3713072057182452e-05 0.031000222338081966 0.0051643747757231595 0.0008230339157988079 0.03957859123262676 0.006750320426548086 5.759221508839541 9.122438488893174 0.0005619501689979551 0.009378281044687258 0.0011495596609641208 0.00815268968623772 33.904901382226335 34.34733299270891 1.1964225630626026 1.3601717039778134 1.1436827819760933 0.039655441534651364 0.008712154916939415 0.008555650583685234 1.5532803266480697 1.0073087067595146 39167.28215917053 7253.57994588956 5094.235811354318 22162.350164199503 55579.71529558622
LGR4 hot H 0.0026301485024002947 1.2201220863267486 3.3216603969000683e+46 0.00012846575365897407 8.380684776375537e-05 0.03349775102038205 0.021102770347749888 0.0330705618134605 0.07351044287683663 0.0420956793626874 20.644766554233954 38.59756965107322 0.0011083637942452462 0.06010367365162562 0.006867679640847074 0.02295422088244229 33.904901382226335 34.34733299270891 1.1964225630626026 1.3601717039778134 1.1436827819760933 0.039655441534651364 0.008712154916939415 0.008555650583685234 1.5532803266480697 1.0073087067595146 39167.28215917053 7253.57994588956 5094.235811354318 22162.350164199503 55579.71529558622
LGR8 cool H 0.018335693315509796 0.4063789485868775 2.0789092108206393e+44 0.0003864293944096209 4.821370708376173e-06 5.329195631825317 0.1754059590797255 0.005556118176576166 5.376172557741424 0.06222885139344599 1.9691215628056495 3.2703644549591173 0.00012977442977532365 0.003641603887431258 0.0004426025898668261 0.0038297948701570775 38.404153098317245 39.61414211394894 1.3045319699372369 0.7287079763037223 1.4743018486723436 0.0011769562304123065 0.000526301949872645 0.00023309704096215612 0.12376109742036305 0.0580149059676624 908.9237614620978 226.96134819898586 6592.287021554505 29441.29039957867 75935.01474909394
LGR8 int H 0.0003685941986598763 0.03394440682673482 8.556432443037855e+43 8.60347581559929e-06 7.330447372738308e-07 0.10527599758143869 0.014497522789380839 0.002285132026212612 0.11703469884476361 0.009959490355279571 6.590892953402319 8.770844254807004 0.001371422697414094 0.06393142962346354 0.007692618408992752 0.041064488482483376 38.404153098317245 39.61414211394894 1.3045319699372369 0.7287079763037223 1.4743018486723436 0.0011769562304123065 0.000526301949872645 0.00023309704096215612 0.12376109742036305 0.0580149059676624 908.9237614620978 226.96134819898586 6592.287021554505 29441.29039957867 75935.01474909394
LGR8 hot H 0.0005179304442605618 0.17116596837021983 2.3058888578500726e+45 1.6141813574382695e-05 5.5549221462235875e-06 0.14143598610908475 0.07166129625273121 0.06007891458573 0.20953158842469838 0.07249524472531454 24.19255305962876 41.16383067810201 0.0013006983325301574 0.0604186354722585 0.007592959453332672 0.027351957922030296 38.404153098317245 39.61414211394894 1.3045319699372369 0.7287079763037223 1.4743018486723436 0.0011769562304123065 0.000526301949872645 0.00023309704096215612 0.12376109742036305 0.0580149059676624 908.9237614620978 226.96134819898586 6592.287021554505 29441.29039957867 75935.01474909394
R2 cool 2H 0.05656821964885346 5.396064046869908 1.0533474055687882e+46 0.0016805253574596402 0.0004866367776718199 0.04115051055817522 0.0061028142482024384 0.0007595996528130554 0.060287577595250524 0.017040546675159047 6.130700725218246 6.618009798673538 0.001229083931246121 0.021087261147064548 0.003250495176334374 0.015765913293249074 17.7576144812941 17.039438853717083 3.609703828596511 2.1770771008099636 3.465164074304384 0.36906301433611516 0.09305463262505694 0.0650878609282861 6.295355944050347 5.015761172291211 464145.617013005 93641.01915420055 6880.369758171986 27616.983218824782 69040.95467066704
R2 int 2H 0.00574195036155566 1.111411523743794 4.458219730556032e+45 0.00022929318108214905 8.361724130524478e-05 0.004628860838494891 0.0012844132729209158 0.000312915864958016 0.008597301532054473 0.0031276721333903285 9.332232060925962 9.57015815572178 0.0011738964276089274 0.022244441735082443 0.003129028515664753 0.015225426944741936 17.7576144812941 17.039438853717083 3.609703828596511 2.1770771008099636 3.465164074304384 0.36906301433611516 0.09305463262505694 0.0650878609282861 6.295355944050347 5.015761172291211 464145.617013005 93641.01915420055 6880.369758171986 27616.983218824782 69040.95467066704
R2 hot 2H 0.011572381188586365 7.598523341449692 3.2239142192856547e+47 0.0008837412349984075 0.0005479260744699789 0.008914872511592519 0.008715519682155308 0.024634562428482287 0.032099359210033325 0.020546707747229536 31.08790404958981 75.30733827700986 0.002870061789754499 0.04756707265089531 0.01439306083508611 0.017527700550804826 17.7576144812941 17.039438853717083 3.609703828596511 2.1770771008099636 3.465164074304384 0.36906301433611516 0.09305463262505694 0.0650878609282861 6.295355944050347 5.015761172291211 464145.617013005 93641.01915420055 6880.369758171986 27616.983218824782 69040.95467066704
R4 cool 2H 0.022664798300559882 1.9768333315336808 2.573164098724101e+45 0.0006912847133413468 0.00017176020275009367 0.20973135022798522 0.024544399266337783 0.0019112431784941116 0.3192031912693437 0.0634107824940482 4.932701267945842 5.464411726157434 0.000492125995562037 0.016605843023374537 0.002264464103140651 0.014085810758214969 21.57945237964609 21.778902041293982 1.7480208666826336 1.3380374630592244 2.141105074399169 0.05863336018724165 0.02315040161238341 0.010085443474359244 1.6899367970268016 1.7202731201019472 108576.47034884673 20505.978750742015 3386.0403537315337 13943.024774541596 34879.83676044258
R4 int 2H 0.00254110893253073 0.4164690989076192 1.1315669702485341e+45 8.008501667701717e-05 2.7286074222260055e-05 0.025674060488038646 0.00546760871827847 0.0009050539868188401 0.041060832217380785 0.010492242152061801 5.583599353127077 5.0475996996248185 0.00041294585526905774 0.02066199650993332 0.0023432350593895054 0.015027312090385438 21.57945237964609 21.778902041293982 1.7480208666826336 1.3380374630592244 2.141105074399169 0.05863336018724165 0.02315040161238341 0.010085443474359244 1.6899367970268016 1.7202731201019472 108576.47034884673 20505.978750742015 3386.0403537315337 13943.024774541596 34879.83676044258
