tables/table-std-err.ecsv
# %ECSV 0.9
# ---
# datatype:
# - {name: model, datatype: string}
# - {name: phase, datatype: string}
# - {name: z, datatype: string}
# - {name: mass, unit: solMass / (kpc2 yr), datatype: float64}
# - {name: mom_kin, datatype: float64}
# - {name: energy, unit: erg / (kpc2 yr), datatype: float64}
# - {name: metal, unit: solMass / (kpc2 yr), datatype: float64}
# - {name: metal_sn, unit: solMass / (kpc2 yr), datatype: float64}
# - {name: mass_loading, datatype: float64}
# - {name: mom_kin_loading, datatype: float64}
# - {name: energy_loading, datatype: float64}
# - {name: metal_loading, datatype: float64}
# - {name: metal_sn_loading, datatype: float64}
# - {name: vout_flux, unit: km / s, datatype: float64}
# - {name: vB, unit: km / s, datatype: float64}
# - {name: Z, datatype: float64}
# - {name: enrichment, datatype: float64}
# - {name: fmass_sn, datatype: float64}
# - {name: fmetal_sn, datatype: float64}
# - {name: H, unit: pc, datatype: float64}
# - {name: H_2p, unit: pc, datatype: float64}
# - {name: v3, unit: km / s, datatype: float64}
# - {name: v3_2p, unit: km / s, datatype: float64}
# - {name: sigma_eff, unit: km / s, datatype: float64}
# - {name: sfr10, unit: solMass / (kpc2 yr), datatype: float64}
# - {name: sfr40, unit: solMass / (kpc2 yr), datatype: float64}
# - {name: sfr100, unit: solMass / (kpc2 yr), datatype: float64}
# - {name: surf, unit: solMass / pc2, datatype: float64}
# - {name: nmid_2p, unit: 1 / cm3, datatype: float64}
# - {name: Pmid_2p, unit: K / cm3, datatype: float64}
# - {name: W_2p, unit: K / cm3, datatype: float64}
# - {name: tdep10, unit: Myr, datatype: float64}
# - {name: tdep40, unit: Myr, datatype: float64}
# - {name: tdep100, unit: Myr, datatype: float64}
# meta: !!omap
# - __serialized_columns__:
#     H:
#       __class__: astropy.units.quantity.Quantity
#       unit: &id001 !astropy.units.Unit {unit: pc}
#       value: !astropy.table.SerializedColumn {name: H}
#     H_2p:
#       __class__: astropy.units.quantity.Quantity
#       unit: *id001
#       value: !astropy.table.SerializedColumn {name: H_2p}
#     Pmid_2p:
#       __class__: astropy.units.quantity.Quantity
#       unit: !astropy.units.Unit {unit: K / cm3}
#       value: !astropy.table.SerializedColumn {name: Pmid_2p}
#     W_2p:
#       __class__: astropy.units.quantity.Quantity
#       unit: !astropy.units.Unit {unit: K / cm3}
#       value: !astropy.table.SerializedColumn {name: W_2p}
#     Z:
#       __class__: astropy.units.quantity.Quantity
#       unit: !astropy.units.Unit {unit: ''}
#       value: !astropy.table.SerializedColumn {name: Z}
#     energy:
#       __class__: astropy.units.quantity.Quantity
#       unit: !astropy.units.Unit {unit: erg / (kpc2 yr)}
#       value: !astropy.table.SerializedColumn {name: energy}
#     energy_loading:
#       __class__: astropy.units.quantity.Quantity
#       unit: !astropy.units.Unit {unit: ''}
#       value: !astropy.table.SerializedColumn {name: energy_loading}
#     enrichment:
#       __class__: astropy.units.quantity.Quantity
#       unit: !astropy.units.Unit {unit: ''}
#       value: !astropy.table.SerializedColumn {name: enrichment}
#     fmass_sn:
#       __class__: astropy.units.quantity.Quantity
#       unit: !astropy.units.Unit {unit: ''}
#       value: !astropy.table.SerializedColumn {name: fmass_sn}
#     fmetal_sn:
[...]
#     surf:
#       __class__: astropy.units.quantity.Quantity
#       unit: !astropy.units.Unit {unit: solMass / pc2}
#       value: !astropy.table.SerializedColumn {name: surf}
#     tdep10:
#       __class__: astropy.units.quantity.Quantity
#       unit: &id002 !astropy.units.Unit {unit: Myr}
#       value: !astropy.table.SerializedColumn {name: tdep10}
#     tdep100:
#       __class__: astropy.units.quantity.Quantity
#       unit: *id002
#       value: !astropy.table.SerializedColumn {name: tdep100}
#     tdep40:
#       __class__: astropy.units.quantity.Quantity
#       unit: *id002
#       value: !astropy.table.SerializedColumn {name: tdep40}
#     v3:
#       __class__: astropy.units.quantity.Quantity
#       unit: !astropy.units.Unit {unit: km / s}
#       value: !astropy.table.SerializedColumn {name: v3}
#     v3_2p:
#       __class__: astropy.units.quantity.Quantity
#       unit: !astropy.units.Unit {unit: km / s}
#       value: !astropy.table.SerializedColumn {name: v3_2p}
#     vB:
#       __class__: astropy.units.quantity.Quantity
#       unit: !astropy.units.Unit {unit: km / s}
#       value: !astropy.table.SerializedColumn {name: vB}
#     vout_flux:
#       __class__: astropy.units.quantity.Quantity
#       unit: !astropy.units.Unit {unit: km / s}
#       value: !astropy.table.SerializedColumn {name: vout_flux}
# schema: astropy-2.0
model phase z mass mom_kin energy metal metal_sn mass_loading mom_kin_loading energy_loading metal_loading metal_sn_loading vout_flux vB Z enrichment fmass_sn fmetal_sn H H_2p v3 v3_2p sigma_eff sfr10 sfr40 sfr100 surf nmid_2p Pmid_2p W_2p tdep10 tdep40 tdep100
[from data line 27]
R8 cool 2H nan nan nan nan nan 0.503907882620861 0.028036771903432754 0.001326866728683051 0.544292613330788 0.027491667755921774 nan nan nan nan nan nan 19.02815934502335 17.591707140879993 0.874049651948334 0.41487512354884576 0.9935451991145334 0.0009636531288917477 0.00037042505120518497 0.0003511722612889741 0.14185211463122033 0.07340104731588237 1660.023756014772 563.9207824076709 7549.879741450037 14622.422380548049 37480.782590347735
R8 int 2H nan nan nan nan nan 0.03151610117473886 0.003456224547617584 0.0005236569612777735 0.03565735024264878 0.003740836689070404 nan nan nan nan nan nan 19.02815934502335 17.591707140879993 0.874049651948334 0.41487512354884576 0.9935451991145334 0.0009636531288917477 0.00037042505120518497 0.0003511722612889741 0.14185211463122033 0.07340104731588237 1660.023756014772 563.9207824076709 7549.879741450037 14622.422380548049 37480.782590347735
R8 hot 2H nan nan nan nan nan 0.02684954014181326 0.013066654465378632 0.019705374277056226 0.04086353199671874 0.01929215317957289 nan nan nan nan nan nan 19.02815934502335 17.591707140879993 0.874049651948334 0.41487512354884576 0.9935451991145334 0.0009636531288917477 0.00037042505120518497 0.0003511722612889741 0.14185211463122033 0.07340104731588237 1660.023756014772 563.9207824076709 7549.879741450037 14622.422380548049 37480.782590347735
R16 cool 2H 0.0006638981762395485 0.01200823495155218 4.7302321275460094e+42 1.3460675537846643e-05 2.5075052814092324e-08 7.316031634341011 0.18450904060736636 0.00478809963011192 7.077010300774347 0.010585930020603715 1.257861081935274 1.070295061009401 3.861657827895088e-05 0.001619582601351211 0.00016225155288677388 0.0016013689240020007 47.694195147870424 47.80691132116211 0.3461043351430779 0.36796876956157704 0.38838121867782394 3.484143790087756e-05 1.9877762909554198e-05 9.866183406780516e-06 0.003760728759965509 0.008592729379145026 97.6344374290648 22.932005354430107 nan nan nan
R16 int 2H 1.587787900158491e-05 0.001463273146021475 4.568620893467226e+42 3.3363011753953204e-07 3.074135757307119e-08 0.1539924656591259 0.020934068287107695 0.004089204588597914 0.154714460386391 0.016259456092693275 9.27363467448386 11.760405613904146 0.0004397643262655529 0.022251120077006067 0.0023387253579730412 0.01807588773096106 47.694195147870424 47.80691132116211 0.3461043351430779 0.36796876956157704 0.38838121867782394 3.484143790087756e-05 1.9877762909554198e-05 9.866183406780516e-06 0.003760728759965509 0.008592729379145026 97.6344374290648 22.932005354430107 nan nan nan
R16 hot 2H 7.64763882235693e-06 0.001168818618958052 2.950763394819159e+43 1.9933702818917915e-07 9.103023893111409e-08 0.07797544333352593 0.016777856627381984 0.030276174946593255 0.09485378031927716 0.04455865964818695 nan nan nan nan 0.01885166159766853 nan 47.694195147870424 47.80691132116211 0.3461043351430779 0.36796876956157704 0.38838121867782394 3.484143790087756e-05 1.9877762909554198e-05 9.866183406780516e-06 0.003760728759965509 0.008592729379145026 97.6344374290648 22.932005354430107 nan nan nan
LGR2 cool 2H 0.11286457967445533 9.942955013138993 1.2649601120000666e+46 0.004412168531838469 0.0006231227894027777 0.1970268574927827 0.027359641747769958 0.0023055331874248805 0.3750540741241427 0.054278286823079114 10.268056184224688 11.40122217513013 0.0009513171773382293 0.012001006489376092 0.0023115908472085677 0.010648576998064756 33.61981101408991 33.59578402155076 1.9134582231954407 1.6285502187278438 2.0736512057567658 0.1284326675526055 0.04273683778615029 0.043844759204984034 5.681515060005485 2.2488231540031185 225492.70951385432 52189.32310918271 4578.909428709146 18554.03984515876 46425.11542295768
LGR2 int 2H 0.004447201184581118 0.8070238385013744 2.5691527165295844e+45 0.00019223243194020455 4.577580168209674e-05 0.008588449811343084 0.00241281350127209 0.000492731496997685 0.01751071554928632 0.0041377349561975835 10.994711089315095 10.517653423357837 0.000891723535867338 0.016266925039269305 0.002818309383875511 0.012455992354147459 33.61981101408991 33.59578402155076 1.9134582231954407 1.6285502187278438 2.0736512057567658 0.1284326675526055 0.04273683778615029 0.043844759204984034 5.681515060005485 2.2488231540031185 225492.70951385432 52189.32310918271 4578.909428709146 18554.03984515876 46425.11542295768
LGR2 hot 2H 0.006049386970105215 2.8893645041471347 7.569296458312678e+46 0.00037748858614542364 0.00021784073484900404 0.011282949226470858 0.007666467340384785 0.012722641709448191 0.03327312955346944 0.01888519899573607 37.8294391864541 58.086940252361266 0.0017914362223954328 0.0604071028212822 0.010388646307834934 0.02860059647631915 33.61981101408991 33.59578402155076 1.9134582231954407 1.6285502187278438 2.0736512057567658 0.1284326675526055 0.04273683778615029 0.043844759204984034 5.681515060005485 2.2488231540031185 225492.70951385432 52189.32310918271 4578.909428709146 18554.03984515876 46425.11542295768
LGR4 cool 2H 0.04720457828823112 2.820354552186335 2.8090813622367043e+45 0.001098507562736109 8.024259217641848e-05 0.4952085567935387 0.04401494015665204 0.0027414089048254046 0.5551129898003676 0.03852405336926519 4.150847478494029 4.2414558186442255 0.0005580403765814279 0.009597500555472276 0.0011512094337802078 0.008286383683597846 33.904901382226335 34.34733299270891 1.1964225630626026 1.3601717039778134 1.1436827819760933 0.039655441534651364 0.008712154916939415 0.008555650583685234 1.5532803266480697 1.0073087067595146 39167.28215917053 7253.57994588956 5094.235811354318 22162.350164199503 55579.71529558622
LGR4 int 2H 0.00166879850543872 0.25693175883384056 6.826116119209383e+44 4.43518254930905e-05 7.961585856760586e-06 0.01745811111654521 0.003944510190139922 0.0006517278126002945 0.02257839275718436 0.003803508295805461 9.47385052853551 8.99613055306747 0.000579722466491448 0.02266788955783618 0.003259942645508169 0.016533849718975674 33.904901382226335 34.34733299270891 1.1964225630626026 1.3601717039778134 1.1436827819760933 0.039655441534651364 0.008712154916939415 0.008555650583685234 1.5532803266480697 1.0073087067595146 39167.28215917053 7253.57994588956 5094.235811354318 22162.350164199503 55579.71529558622
LGR4 hot 2H 0.0020080760647165994 0.7594766842229741 1.3232886376204646e+46 7.809961277068548e-05 3.093594491620647e-05 0.021371291384158324 0.01181823960311268 0.012778522619875669 0.03980928882622025 0.015533930822875915 33.89108921321576 47.20814234138964 0.0011194203380935175 0.041040461620285656 0.006884570171859586 0.02256435740581219 33.904901382226335 34.34733299270891 1.1964225630626026 1.3601717039778134 1.1436827819760933 0.039655441534651364 0.008712154916939415 0.008555650583685234 1.5532803266480697 1.0073087067595146 39167.28215917053 7253.57994588956 5094.235811354318 22162.350164199503 55579.71529558622
LGR8 cool 2H 0.006058247262728632 0.2617101855021735 1.7822128007710186e+44 0.00013635051663587084 4.753102797441451e-06 1.7508776531461976 0.10902909194842364 0.004626216688148147 1.8746732557506125 0.061321911437724023 3.4353714885533546 3.7006969525279176 0.00018118857494329755 0.003632168245625956 0.0004314125988990292 0.00349539283851249 38.404153098317245 39.61414211394894 1.3045319699372369 0.7287079763037223 1.4743018486723436 0.0011769562304123065 0.000526301949872645 0.00023309704096215612 0.12376109742036305 0.0580149059676624 908.9237614620978 226.96134819898586 6592.287021554505 29441.29039957867 75935.01474909394
LGR8 int 2H 0.0003443204730314972 0.035043607304671924 7.93817384550038e+43 8.245434218468834e-06 7.918730142015821e-07 0.09630553781374655 0.014966650592703213 0.002124390236224786 0.11002254751382806 0.01080297372482844 7.159893871152799 11.034432013097524 0.0004969710520499689 0.023462562704768174 0.002893974883782085 0.018648903516553555 38.404153098317245 39.61414211394894 1.3045319699372369 0.7287079763037223 1.4743018486723436 0.0011769562304123065 0.000526301949872645 0.00023309704096215612 0.12376109742036305 0.0580149059676624 908.9237614620978 226.96134819898586 6592.287021554505 29441.29039957867 75935.01474909394
LGR8 hot 2H 0.0003896894720143593 0.12334414178757667 1.3478936829255377e+45 1.1514266872407054e-05 3.413464387779415e-06 0.10317810118240293 0.05009562162491458 0.033902453916975356 0.14543927130783962 0.043570173446383725 23.071403775032763 37.55518178948096 0.0010307460515661543 0.0572414303940545 0.006801295270333738 0.025148209447450408 38.404153098317245 39.61414211394894 1.3045319699372369 0.7287079763037223 1.4743018486723436 0.0011769562304123065 0.000526301949872645 0.00023309704096215612 0.12376109742036305 0.0580149059676624 908.9237614620978 226.96134819898586 6592.287021554505 29441.29039957867 75935.01474909394
R2 cool 500 0.06537679458906343 6.520554744013217 1.4306548023044144e+46 0.0020465115148594055 0.0006412059697354376 0.051187961750406914 0.008096406666091314 0.001118974353871277 0.07868122776654599 0.02318194339963426 5.587181161711231 6.59364622168186 0.0011805394239139527 0.0173567236182714 0.002969367499186002 0.014902805393242513 17.7576144812941 17.039438853717083 3.609703828596511 2.1770771008099636 3.465164074304384 0.36906301433611516 0.09305463262505694 0.0650878609282861 6.295355944050347 5.015761172291211 464145.617013005 93641.01915420055 6880.369758171986 27616.983218824782 69040.95467066704
R2 int 500 0.008777449631115347 1.5240537329907284 5.378192759163603e+45 0.00029994773709527946 0.0001044096321684151 0.00713130807075494 0.0019041034947785134 0.0004204293831317412 0.011936617243033363 0.003870357272793635 8.618252309331092 9.04701049365147 0.0011631629077570897 0.01996357976507506 0.002905720588504298 0.015362043237593681 17.7576144812941 17.039438853717083 3.609703828596511 2.1770771008099636 3.465164074304384 0.36906301433611516 0.09305463262505694 0.0650878609282861 6.295355944050347 5.015761172291211 464145.617013005 93641.01915420055 6880.369758171986 27616.983218824782 69040.95467066704
R2 hot 500 0.01235581375321594 7.386404118556671 2.969069164646003e+47 0.0008433420734451802 0.0006039606073290248 0.010271585300235675 0.00895679655960753 0.02242163471424268 0.03352502467081061 0.023139341081270904 34.150188015247565 59.57546558241906 0.0025541160507958705 0.06420707867088474 0.011901652580920973 0.016726321934667127 17.7576144812941 17.039438853717083 3.609703828596511 2.1770771008099636 3.465164074304384 0.36906301433611516 0.09305463262505694 0.0650878609282861 6.295355944050347 5.015761172291211 464145.617013005 93641.01915420055 6880.369758171986 27616.983218824782 69040.95467066704
R4 cool 500 0.0651983901921212 4.672488340790455 5.232652870739851e+45 0.0017845949724919568 0.0002647300317643892 0.5100755832718276 0.055898111092301854 0.0038569591154405105 0.6790764055708621 0.09753355010302726 3.8481242492764367 4.63591868621245 0.0006232875412608957 0.013018926306101549 0.0020831469948818793 0.012474565422733008 21.57945237964609 21.778902041293982 1.7480208666826336 1.3380374630592244 2.141105074399169 0.05863336018724165 0.02315040161238341 0.010085443474359244 1.6899367970268016 1.7202731201019472 108576.47034884673 20505.978750742015 3386.0403537315337 13943.024774541596 34879.83676044258
R4 int 500 0.003966898538574025 0.6143733576516004 1.6592524561724403e+45 0.00011426050606697308 2.791091879214456e-05 0.03627539295209668 0.00767743522241301 0.0012764172936426045 0.05367431125041204 0.01115797346287468 6.696874148168028 8.049165829417714 0.0005420239900268306 0.013450459298622744 0.001684182940613092 0.010785815043030679 21.57945237964609 21.778902041293982 1.7480208666826336 1.3380374630592244 2.141105074399169 0.05863336018724165 0.02315040161238341 0.010085443474359244 1.6899367970268016 1.7202731201019472 108576.47034884673 20505.978750742015 3386.0403537315337 13943.024774541596 34879.83676044258
R4 hot 500 0.006308469423583169 4.541458708535295 1.3460971128547663e+47 0.00040983163441593286 0.0003191571100447634 0.06154066734128915 0.05425863494085286 0.0935828637228211 0.16509252324682286 0.11191553756142263 33.58866549331879 70.23720114676091 0.0020015234016682614 0.12783900953684552 0.015534203850491856 0.039644835840498424 21.57945237964609 21.778902041293982 1.7480208666826336 1.3380374630592244 2.141105074399169 0.05863336018724165 0.02315040161238341 0.010085443474359244 1.6899367970268016 1.7202731201019472 108576.47034884673 20505.978750742015 3386.0403537315337 13943.024774541596 34879.83676044258
R8 cool 500 nan nan nan nan nan 0.6434802353461295 0.02601236657257216 0.0011757031616074526 0.6922174100614152 0.0269714815140047 nan nan nan nan nan nan 19.02815934502335 17.591707140879993 0.874049651948334 0.41487512354884576 0.9935451991145334 0.0009636531288917477 0.00037042505120518497 0.0003511722612889741 0.14185211463122033 0.07340104731588237 1660.023756014772 563.9207824076709 7549.879741450037 14622.422380548049 37480.782590347735
R8 int 500 nan nan nan nan nan 0.029701258941381144 0.003582479752776312 0.0006444438221920508 0.033688983182393564 0.0036499814802193695 nan nan nan nan nan nan 19.02815934502335 17.591707140879993 0.874049651948334 0.41487512354884576 0.9935451991145334 0.0009636531288917477 0.00037042505120518497 0.0003511722612889741 0.14185211463122033 0.07340104731588237 1660.023756014772 563.9207824076709 7549.879741450037 14622.422380548049 37480.782590347735
R8 hot 500 nan nan nan nan nan 0.02658845105611043 0.013622513898859597 0.021411606088249695 0.04260792181606501 0.020557223402408804 nan nan nan nan nan nan 19.02815934502335 17.591707140879993 0.874049651948334 0.41487512354884576 0.9935451991145334 0.0009636531288917477 0.00037042505120518497 0.0003511722612889741 0.14185211463122033 0.07340104731588237 1660.023756014772 563.9207824076709 7549.879741450037 14622.422380548049 37480.782590347735
R16 cool 500 0.00095482546664872 0.013220474418401917 7.451886059272808e+42 1.93151380990441e-05 1.262672072561469e-07 17.637935564073196 0.2696265701983731 0.00914485899727665 17.037881204326634 0.056823348727581116 0.8310689293748452 1.0668979412342658 0.00015781221526128147 0.008419558851550267 0.0009560407278031844 0.008859384384182692 47.694195147870424 47.80691132116211 0.3461043351430779 0.36796876956157704 0.38838121867782394 3.484143790087756e-05 1.9877762909554198e-05 9.866183406780516e-06 0.003760728759965509 0.008592729379145026 97.6344374290648 22.932005354430107 nan nan nan
R16 int 500 5.404907561205699e-05 0.0030325571483580064 7.795888745237737e+42 1.1507367504082285e-06 5.638022760330602e-08 0.5149271643239304 0.04290804478724678 0.00704339187032307 0.5241495510166119 0.026132966085285238 5.421110745853472 8.600631992249095 0.0007842985469021404 0.038728156959749696 0.004136626634869739 0.028780035425308707 47.694195147870424 47.80691132116211 0.3461043351430779 0.36796876956157704 0.38838121867782394 3.484143790087756e-05 1.9877762909554198e-05 9.866183406780516e-06 0.003760728759965509 0.008592729379145026 97.6344374290648 22.932005354430107 nan nan nan
R16 hot 500 2.9829662055302025e-05 0.005791048224742412 2.0221421213942874e+44 9.263745025725759e-07 3.9299398811495866e-07 0.28761051821046485 0.0836525801748037 0.18528207285799025 0.430460566452194 0.18124216764679596 26.468235599859934 102.95939541358565 0.004163924653028761 0.206442515454939 0.021150579138612586 0.047205401423638285 47.694195147870424 47.80691132116211 0.3461043351430779 0.36796876956157704 0.38838121867782394 3.484143790087756e-05 1.9877762909554198e-05 9.866183406780516e-06 0.003760728759965509 0.008592729379145026 97.6344374290648 22.932005354430107 nan nan nan
