tables/table-mean-err.ecsv
# %ECSV 0.9
# ---
# datatype:
# - {name: model, datatype: string}
# - {name: phase, datatype: string}
# - {name: z, datatype: string}
# - {name: mass, unit: solMass / (kpc2 yr), datatype: float64}
# - {name: mom_kin, datatype: float64}
# - {name: energy, unit: erg / (kpc2 yr), datatype: float64}
# - {name: metal, unit: solMass / (kpc2 yr), datatype: float64}
# - {name: metal_sn, unit: solMass / (kpc2 yr), datatype: float64}
# - {name: mass_loading, datatype: float64}
# - {name: mom_kin_loading, datatype: float64}
# - {name: energy_loading, datatype: float64}
# - {name: metal_loading, datatype: float64}
# - {name: metal_sn_loading, datatype: float64}
# - {name: vout_flux, unit: km / s, datatype: float64}
# - {name: vB, unit: km / s, datatype: float64}
# - {name: Z, datatype: float64}
# - {name: enrichment, datatype: float64}
# - {name: fmass_sn, datatype: float64}
# - {name: fmetal_sn, datatype: float64}
# - {name: H, unit: pc, datatype: float64}
# - {name: H_2p, unit: pc, datatype: float64}
# - {name: v3, unit: km / s, datatype: float64}
# - {name: v3_2p, unit: km / s, datatype: float64}
# - {name: sigma_eff, unit: km / s, datatype: float64}
# - {name: sfr10, unit: solMass / (kpc2 yr), datatype: float64}
# - {name: sfr40, unit: solMass / (kpc2 yr), datatype: float64}
# - {name: sfr100, unit: solMass / (kpc2 yr), datatype: float64}
# - {name: surf, unit: solMass / pc2, datatype: float64}
# - {name: nmid_2p, unit: 1 / cm3, datatype: float64}
# - {name: Pmid_2p, unit: K / cm3, datatype: float64}
# - {name: W_2p, unit: K / cm3, datatype: float64}
# - {name: tdep10, unit: Myr, datatype: float64}
# - {name: tdep40, unit: Myr, datatype: float64}
# - {name: tdep100, unit: Myr, datatype: float64}
# meta: !!omap
# - __serialized_columns__:
#     H:
#       __class__: astropy.units.quantity.Quantity
#       unit: &id001 !astropy.units.Unit {unit: pc}
#       value: !astropy.table.SerializedColumn {name: H}
#     H_2p:
#       __class__: astropy.units.quantity.Quantity
#       unit: *id001
#       value: !astropy.table.SerializedColumn {name: H_2p}
#     Pmid_2p:
#       __class__: astropy.units.quantity.Quantity
#       unit: !astropy.units.Unit {unit: K / cm3}
#       value: !astropy.table.SerializedColumn {name: Pmid_2p}
#     W_2p:
#       __class__: astropy.units.quantity.Quantity
#       unit: !astropy.units.Unit {unit: K / cm3}
#       value: !astropy.table.SerializedColumn {name: W_2p}
#     Z:
#       __class__: astropy.units.quantity.Quantity
#       unit: !astropy.units.Unit {unit: ''}
#       value: !astropy.table.SerializedColumn {name: Z}
#     energy:
#       __class__: astropy.units.quantity.Quantity
#       unit: !astropy.units.Unit {unit: erg / (kpc2 yr)}
#       value: !astropy.table.SerializedColumn {name: energy}
#     energy_loading:
#       __class__: astropy.units.quantity.Quantity
#       unit: !astropy.units.Unit {unit: ''}
#       value: !astropy.table.SerializedColumn {name: energy_loading}
#     enrichment:
#       __class__: astropy.units.quantity.Quantity
#       unit: !astropy.units.Unit {unit: ''}
#       value: !astropy.table.SerializedColumn {name: enrichment}
#     fmass_sn:
#       __class__: astropy.units.quantity.Quantity
#       unit: !astropy.units.Unit {unit: ''}
#       value: !astropy.table.SerializedColumn {name: fmass_sn}
#     fmetal_sn:
[...]
#     surf:
#       __class__: astropy.units.quantity.Quantity
#       unit: !astropy.units.Unit {unit: solMass / pc2}
#       value: !astropy.table.SerializedColumn {name: surf}
#     tdep10:
#       __class__: astropy.units.quantity.Quantity
#       unit: &id002 !astropy.units.Unit {unit: Myr}
#       value: !astropy.table.SerializedColumn {name: tdep10}
#     tdep100:
#       __class__: astropy.units.quantity.Quantity
#       unit: *id002
#       value: !astropy.table.SerializedColumn {name: tdep100}
#     tdep40:
#       __class__: astropy.units.quantity.Quantity
#       unit: *id002
#       value: !astropy.table.SerializedColumn {name: tdep40}
#     v3:
#       __class__: astropy.units.quantity.Quantity
#       unit: !astropy.units.Unit {unit: km / s}
#       value: !astropy.table.SerializedColumn {name: v3}
#     v3_2p:
#       __class__: astropy.units.quantity.Quantity
#       unit: !astropy.units.Unit {unit: km / s}
#       value: !astropy.table.SerializedColumn {name: v3_2p}
#     vB:
#       __class__: astropy.units.quantity.Quantity
#       unit: !astropy.units.Unit {unit: km / s}
#       value: !astropy.table.SerializedColumn {name: vB}
#     vout_flux:
#       __class__: astropy.units.quantity.Quantity
#       unit: !astropy.units.Unit {unit: km / s}
#       value: !astropy.table.SerializedColumn {name: vout_flux}
# schema: astropy-2.0
model phase z mass mom_kin energy metal metal_sn mass_loading mom_kin_loading energy_loading metal_loading metal_sn_loading vout_flux vB Z enrichment fmass_sn fmetal_sn H H_2p v3 v3_2p sigma_eff sfr10 sfr40 sfr100 surf nmid_2p Pmid_2p W_2p tdep10 tdep40 tdep100
[from data line 55]
LGR2 int 500 0.005756826232992742 0.8922595523335988 2.6423681002547438e+45 0.00023214592540092978 4.9307434336962196e-05 0.011941740303251831 0.002654914270683175 0.0004838429288281955 0.022951692191139527 0.004708248917058123 11.70930141782124 10.457378063877604 0.00166300944040603 0.02314797834762418 0.0031384581410246813 0.01749333867301806 35.95769879118931 36.62503689934696 2.773336129586379 2.257052306989999 2.6778302423622384 0.1490070687577885 0.09157545265147593 0.06554363995152118 10.30660447084105 2.302208953735295 173452.59330237185 97555.78847371819 1714.354271570075 6896.072696852527 17250.97050493138
LGR2 hot 500 0.010222761046423577 6.600977549594956 1.900120660268961e+47 0.0007274712645683513 0.0004646092219655664 0.022602211614732123 0.020653294281262752 0.03679811444126916 0.07355733866592913 0.04539306053978952 62.57033473290147 102.94519314934959 0.0035472211455444933 0.10920993113297829 0.019965117105198046 0.04660330430083295 35.95769879118931 36.62503689934696 2.773336129586379 2.257052306989999 2.6778302423622384 0.1490070687577885 0.09157545265147593 0.06554363995152118 10.30660447084105 2.302208953735295 173452.59330237185 97555.78847371819 1714.354271570075 6896.072696852527 17250.97050493138
LGR4 cool 500 0.13681998176031815 4.706299992357929 3.183155680176807e+45 0.0035467303401468366 0.00010668788499936279 1.2660963722682728 0.06715046765128109 0.0029336201119451984 1.590954412435384 0.04935628733192973 4.80094343940338 5.681183645081085 0.0007447411947948908 0.016369966187274043 0.0020256716801942843 0.014780564385927179 62.34946835292963 63.243964811240744 2.1588274270803556 1.9528728361016143 2.2630063247252172 0.03311661213260391 0.015075858040068696 0.010289255370687306 2.9087136642862563 0.9932698716829395 39267.80798945609 13145.428143738483 2069.949567823984 8354.833449256012 20914.558801777377
LGR4 int 500 0.0025709461432609653 0.2982029047214178 7.140531829903683e+44 7.892027961248967e-05 1.0502791756146643e-05 0.0294872528321638 0.004925743111337257 0.0007411195775892708 0.04306346307792943 0.005429258530224836 8.196339801466749 6.816288168725129 0.0007687011930583804 0.012969572228106836 0.0017074975987292926 0.011782966402335268 62.34946835292963 63.243964811240744 2.1588274270803556 1.9528728361016143 2.2630063247252172 0.03311661213260391 0.015075858040068696 0.010289255370687306 2.9087136642862563 0.9932698716829395 39267.80798945609 13145.428143738483 2069.949567823984 8354.833449256012 20914.558801777377
LGR4 hot 500 0.003957284700537393 1.5962564928031253 3.667437755925324e+46 0.00018093394734270855 8.820434602356174e-05 0.04711963149373996 0.027384566765904506 0.03754088084735185 0.10040515397747704 0.04659512043875747 34.38871907245651 59.78560254162727 0.0018846190125923303 0.06431723264760543 0.009532099722267925 0.030364700610746514 62.34946835292963 63.243964811240744 2.1588274270803556 1.9528728361016143 2.2630063247252172 0.03311661213260391 0.015075858040068696 0.010289255370687306 2.9087136642862563 0.9932698716829395 39267.80798945609 13145.428143738483 2069.949567823984 8354.833449256012 20914.558801777377
LGR8 cool 500 0.016667156157354226 0.359867827903335 1.8391882989116585e+44 0.0003603988757706171 4.62200416759278e-06 4.966911331703371 0.1563608374098543 0.0050200311337712565 5.151430370643048 0.06145448965242847 3.408354710567736 3.9805426899297305 0.0002600436950895771 0.004625922355968861 0.0005464437318252617 0.004837489419913528 65.67013664334966 66.45513549907646 1.6421039921572371 1.217008223733065 1.686378579018225 0.0009740707302783703 0.0006375170992756594 0.00038688617369729366 0.2526991293804882 0.08769193869754645 1453.8519178725955 360.5968183773357 3891.4327098236 11474.48015174552 28878.791357942802
LGR8 int 500 0.00035792904219870286 0.029786275019243826 6.999684013463114e+43 8.424209189797223e-06 7.086352207866079e-07 0.1118723322676691 0.013645686430365326 0.002027030507788517 0.1255811560109666 0.010515335554689165 9.784190676340453 10.257843654810303 0.0007218100768896674 0.029616439390880503 0.003608744174610073 0.021566078845188574 65.67013664334966 66.45513549907646 1.6421039921572371 1.217008223733065 1.686378579018225 0.0009740707302783703 0.0006375170992756594 0.00038688617369729366 0.2526991293804882 0.08769193869754645 1453.8519178725955 360.5968183773357 3891.4327098236 11474.48015174552 28878.791357942802
LGR8 hot 500 0.00045007613429810144 0.12574525292628677 1.86045521601277e+45 1.39367700229834e-05 4.70452298878758e-06 0.13404957897602712 0.05652306552381377 0.05155468922760353 0.19741112503647223 0.065749833210203 34.44590778120324 63.51791061878629 0.001250051427548266 0.05975984909308351 0.007529691978075759 0.03229849412068573 65.67013664334966 66.45513549907646 1.6421039921572371 1.217008223733065 1.686378579018225 0.0009740707302783703 0.0006375170992756594 0.00038688617369729366 0.2526991293804882 0.08769193869754645 1453.8519178725955 360.5968183773357 3891.4327098236 11474.48015174552 28878.791357942802
R2 cool 1000 0.06903648093612486 7.761182792840834 1.5038155635713074e+46 0.002620133485443473 0.0007325762052969622 0.050924147127642226 0.00890223278568911 0.0011052984512995537 0.09342419418134353 0.026700735421031 19.745239502356547 18.869940570810016 0.0024518925557419826 0.027168886550597748 0.004901190681684484 0.01969078253063093 34.444565959795504 33.778467735874486 4.565138396345849 2.9985845735715277 4.822099333898491 0.3272227407077229 0.15713734928280637 0.0937872159898601 9.071114335505895 5.646693842950037 451267.98319769814 144248.9188646017 2696.1347054524035 10813.641833551836 27037.218821032944
R2 int 1000 0.008393976978620033 1.6066298382757964 5.313257822521459e+45 0.000360427604757208 0.00011717401479082422 0.006364542096991175 0.0018683377010110906 0.0003814344259004361 0.013176661915156403 0.004300981917673781 28.133953169142405 25.209896194196205 0.0023932825387175402 0.031763511437822786 0.005102992718999767 0.02029134374979747 34.444565959795504 33.778467735874486 4.565138396345849 2.9985845735715277 4.822099333898491 0.3272227407077229 0.15713734928280637 0.0937872159898601 9.071114335505895 5.646693842950037 451267.98319769814 144248.9188646017 2696.1347054524035 10813.641833551836 27037.218821032944
R2 hot 1000 0.019093244866430763 12.074164420279846 3.3287390819167458e+47 0.0013628594310466674 0.0007712721131274709 0.013987306840280118 0.01276048820784744 0.02207292965960504 0.04689947236497961 0.026407906334142483 67.78500598318256 119.93855177277993 0.003782538810548367 0.08122362608483612 0.01672493014029784 0.03520804694427015 34.444565959795504 33.778467735874486 4.565138396345849 2.9985845735715277 4.822099333898491 0.3272227407077229 0.15713734928280637 0.0937872159898601 9.071114335505895 5.646693842950037 451267.98319769814 144248.9188646017 2696.1347054524035 10813.641833551836 27037.218821032944
R4 cool 1000 0.028044366188776808 2.217704263312148 2.8051395311655564e+45 0.00087022528653397 0.00017570122369568432 0.20151063723146753 0.023077331351877756 0.0017774551605567864 0.3036871515773594 0.05811608531423566 12.733555185197893 12.049715218628007 0.001064676015469742 0.02178820249314555 0.0032506198128298704 0.01840801691357208 37.305067985761454 37.867803585077326 2.679721827911603 2.4062802514265984 2.910469084458263 0.05019438481111819 0.029498698332755896 0.018664424503403557 2.603553935062946 2.0005296911896 92944.81113092066 25222.775779238156 1229.728929274075 4922.411727797948 12323.930956094764
R4 int 1000 0.00322569487098235 0.47335130431976347 1.20078683815857e+45 0.00010579620253273028 2.745927637893732e-05 0.023939131355356802 0.0051381371209544505 0.0008084173288988674 0.03857032363577072 0.009173903949833447 13.595589732168241 10.952866453277126 0.0009538681175215837 0.025295648799530116 0.0032555355840577014 0.019268597915534924 37.305067985761454 37.867803585077326 2.679721827911603 2.4062802514265984 2.910469084458263 0.05019438481111819 0.029498698332755896 0.018664424503403557 2.603553935062946 2.0005296911896 92944.81113092066 25222.775779238156 1229.728929274075 4922.411727797948 12323.930956094764
R4 hot 1000 0.004808053774930495 2.0838977857561622 3.9147457454627216e+46 0.00022534495769787228 0.00011891740667641009 0.038214646093388614 0.022928957440478535 0.02439307216570149 0.0828670773360389 0.03852966056450634 37.07823200285848 67.53977477875105 0.0014574402340488892 0.0799031601815632 0.010511418891348545 0.039596265283334466 37.305067985761454 37.867803585077326 2.679721827911603 2.4062802514265984 2.910469084458263 0.05019438481111819 0.029498698332755896 0.018664424503403557 2.603553935062946 2.0005296911896 92944.81113092066 25222.775779238156 1229.728929274075 4922.411727797948 12323.930956094764
R8 cool 1000 nan nan nan nan nan 0.3072648047623012 0.018377195299761572 0.0008292966966281936 0.3389222312541109 0.02269660194146712 nan nan nan nan nan nan 29.938005305108433 29.336022067218515 1.0066728194912389 0.5019784908572134 1.1134337107158359 0.0011134601731257966 0.0005714543481571539 0.0004412068283668237 0.2904984710735647 0.09137448054094735 1339.4744426908044 838.0835989741488 3728.431317610258 5358.18455199649 13455.76426670641
R8 int 1000 nan nan nan nan nan 0.03585414295275534 0.004211973529822578 0.0006373310489044707 0.041042214796977124 0.004445611106705498 nan nan nan nan nan nan 29.938005305108433 29.336022067218515 1.0066728194912389 0.5019784908572134 1.1134337107158359 0.0011134601731257966 0.0005714543481571539 0.0004412068283668237 0.2904984710735647 0.09137448054094735 1339.4744426908044 838.0835989741488 3728.431317610258 5358.18455199649 13455.76426670641
R8 hot 1000 nan nan nan nan nan 0.03337202042048432 0.011715338091935224 0.012060105294121997 0.0487238072413767 0.01650206531564143 nan nan nan nan nan nan 29.938005305108433 29.336022067218515 1.0066728194912389 0.5019784908572134 1.1134337107158359 0.0011134601731257966 0.0005714543481571539 0.0004412068283668237 0.2904984710735647 0.09137448054094735 1339.4744426908044 838.0835989741488 3728.431317610258 5358.18455199649 13455.76426670641
R16 cool 1000 0.0012963721963262199 0.0162436904026927 7.131131266905576e+42 2.6357053524010292e-05 1.5305742287142358e-08 15.750948133527272 0.2820747673990547 0.007953994439003883 15.25392194290286 0.005491443761660487 2.1531363821530025 2.1191841822405895 5.296810693005624e-05 0.002016755377976556 0.00013796792352022916 0.0015809849576664872 92.80279255338999 92.4629898646163 0.6545999695269274 0.6103211056063973 0.6784132868939355 2.7442138701285807e-05 1.9564848463658247e-05 1.4246796377051617e-05 0.005632167274710099 0.012399397114482586 114.05692883328616 43.748461447729476 nan nan nan
R16 int 1000 2.0109849955480018e-05 0.0009380026587484204 2.3749039862328455e+42 4.315338509042576e-07 2.478790506363325e-08 0.20390317038161368 0.014067689907814967 0.0021883665952433236 0.20901995978459229 0.012265122120735137 7.527041886534627 10.15566642602994 0.0005055141825250715 0.02556467835743527 0.002602782154184339 0.0212754169206066 92.80279255338999 92.4629898646163 0.6545999695269274 0.6103211056063973 0.6784132868939355 2.7442138701285807e-05 1.9564848463658247e-05 1.4246796377051617e-05 0.005632167274710099 0.012399397114482586 114.05692883328616 43.748461447729476 nan nan nan
R16 hot 1000 7.78999540205215e-06 0.0012085794180399549 4.3130314596532547e+43 2.438766128369424e-07 1.1061238361407588e-07 0.07575132047925583 0.016645487493480993 0.03437166919577974 0.10945961651957017 0.04567230259769455 31.776529813447432 102.16838122269559 0.0032842847644621747 0.16264621185374017 0.016626144089592648 0.06649189235175954 92.80279255338999 92.4629898646163 0.6545999695269274 0.6103211056063973 0.6784132868939355 2.7442138701285807e-05 1.9564848463658247e-05 1.4246796377051617e-05 0.005632167274710099 0.012399397114482586 114.05692883328616 43.748461447729476 nan nan nan
LGR2 cool 1000 0.08908575346230617 7.2906810409558345 1.0129835529267071e+46 0.0033786784297648825 0.0004413005851505699 0.1591247606810665 0.02019912414884077 0.0017779091262444026 0.2908724437587646 0.03927951129670468 18.340163838684298 17.72184633181009 0.002052268611361475 0.022025180983003774 0.003938645161687961 0.018581291783220107 35.95769879118931 36.62503689934696 2.773336129586379 2.257052306989999 2.6778302423622384 0.1490070687577885 0.09157545265147593 0.06554363995152118 10.30660447084105 2.302208953735295 173452.59330237185 97555.78847371819 1714.354271570075 6896.072696852527 17250.97050493138
LGR2 int 1000 0.004456543832432885 0.7962693619500848 2.3694296176599867e+45 0.00018548670423269829 4.286162580488097e-05 0.00907258577108898 0.0024277714369319342 0.00045334263439613325 0.01803924825745246 0.004144383886387136 21.011963466956725 17.376790898909572 0.0018339236886389903 0.025837216883581714 0.004226640455488051 0.019161962570582572 35.95769879118931 36.62503689934696 2.773336129586379 2.257052306989999 2.6778302423622384 0.1490070687577885 0.09157545265147593 0.06554363995152118 10.30660447084105 2.302208953735295 173452.59330237185 97555.78847371819 1714.354271570075 6896.072696852527 17250.97050493138
LGR2 hot 1000 0.008199134282416377 4.037650839373753 8.503469231298907e+46 0.00047218405023711943 0.0002517159297050561 0.016203316447351606 0.011547799933076051 0.014781595418666563 0.043996235041700804 0.02250653301682167 62.14711998439828 92.77991776813762 0.002949247711179135 0.08608789991594744 0.01520012289751108 0.04195857545244418 35.95769879118931 36.62503689934696 2.773336129586379 2.257052306989999 2.6778302423622384 0.1490070687577885 0.09157545265147593 0.06554363995152118 10.30660447084105 2.302208953735295 173452.59330237185 97555.78847371819 1714.354271570075 6896.072696852527 17250.97050493138
LGR4 cool 1000 0.04432987866681931 2.0959676680971975 1.8244555117792966e+45 0.0012180262718700411 7.608402095225093e-05 0.44585294887149246 0.031632282403500744 0.0017155370735673094 0.5933072179643519 0.03643942536880951 10.03443067447056 10.03490255419455 0.0008550157076166062 0.019170938182950868 0.002606836387117307 0.017215629186669613 62.34946835292963 63.243964811240744 2.1588274270803556 1.9528728361016143 2.2630063247252172 0.03311661213260391 0.015075858040068696 0.010289255370687306 2.9087136642862563 0.9932698716829395 39267.80798945609 13145.428143738483 2069.949567823984 8354.833449256012 20914.558801777377
LGR4 int 1000 0.0015397499549349232 0.18623045107474512 4.338788425608863e+44 4.6322146870404396e-05 6.971899949492498e-06 0.01718094556754732 0.0030801600990780897 0.0004541889035026733 0.02512121027527744 0.0036864495249141504 13.02979329201834 11.514902603860005 0.0008788829625069101 0.02265861365253128 0.0032175717432767403 0.017696297140309004 62.34946835292963 63.243964811240744 2.1588274270803556 1.9528728361016143 2.2630063247252172 0.03311661213260391 0.015075858040068696 0.010289255370687306 2.9087136642862563 0.9932698716829395 39267.80798945609 13145.428143738483 2069.949567823984 8354.833449256012 20914.558801777377
LGR4 hot 1000 0.002044372885589912 0.6116648355048449 8.154505862920407e+45 7.589587157480357e-05 2.5487389811890664e-05 0.02234282821031155 0.010093330080488518 0.008339888578435683 0.039892698732944 0.01333252205856674 39.217706504555764 54.23433120570476 0.001530992256719396 0.048248977864549354 0.007289226675544879 0.027650716135637927 62.34946835292963 63.243964811240744 2.1588274270803556 1.9528728361016143 2.2630063247252172 0.03311661213260391 0.015075858040068696 0.010289255370687306 2.9087136642862563 0.9932698716829395 39267.80798945609 13145.428143738483 2069.949567823984 8354.833449256012 20914.558801777377
