tables/table-std.ecsv
# %ECSV 0.9
# ---
# datatype:
# - {name: model, datatype: string}
# - {name: phase, datatype: string}
# - {name: z, datatype: string}
# - {name: mass, unit: solMass / (kpc2 yr), datatype: float64}
# - {name: mom_kin, datatype: float64}
# - {name: energy, unit: erg / (kpc2 yr), datatype: float64}
# - {name: metal, unit: solMass / (kpc2 yr), datatype: float64}
# - {name: metal_sn, unit: solMass / (kpc2 yr), datatype: float64}
# - {name: mass_loading, datatype: float64}
# - {name: mom_loading, datatype: float64}
# - {name: energy_loading, datatype: float64}
# - {name: metal_loading, datatype: float64}
# - {name: metal_sn_loading, datatype: float64}
# - {name: vout_flux, unit: km / s, datatype: float64}
# - {name: vB, unit: km / s, datatype: float64}
# - {name: Z, datatype: float64}
# - {name: enrichment, datatype: float64}
# - {name: fmass_sn, datatype: float64}
# - {name: fmetal_sn, datatype: float64}
# - {name: H, unit: pc, datatype: float64}
# - {name: H_2p, unit: pc, datatype: float64}
# - {name: v3, unit: km / s, datatype: float64}
# - {name: v3_2p, unit: km / s, datatype: float64}
# - {name: sigma_eff, unit: km / s, datatype: float64}
# - {name: sfr10, unit: solMass / (kpc2 yr), datatype: float64}
# - {name: sfr40, unit: solMass / (kpc2 yr), datatype: float64}
# - {name: sfr100, unit: solMass / (kpc2 yr), datatype: float64}
# - {name: surf, unit: solMass / pc2, datatype: float64}
# - {name: nmid_2p, unit: 1 / cm3, datatype: float64}
# - {name: Pmid_2p, unit: K / cm3, datatype: float64}
# - {name: W_2p, unit: K / cm3, datatype: float64}
# - {name: tdep10, unit: Myr, datatype: float64}
# - {name: tdep40, unit: Myr, datatype: float64}
# - {name: tdep100, unit: Myr, datatype: float64}
# meta: !!omap
# - __serialized_columns__:
#     H:
#       __class__: astropy.units.quantity.Quantity
#       unit: &id001 !astropy.units.Unit {unit: pc}
#       value: !astropy.table.SerializedColumn {name: H}
#     H_2p:
#       __class__: astropy.units.quantity.Quantity
#       unit: *id001
#       value: !astropy.table.SerializedColumn {name: H_2p}
#     Pmid_2p:
#       __class__: astropy.units.quantity.Quantity
#       unit: !astropy.units.Unit {unit: K / cm3}
#       value: !astropy.table.SerializedColumn {name: Pmid_2p}
#     W_2p:
#       __class__: astropy.units.quantity.Quantity
#       unit: !astropy.units.Unit {unit: K / cm3}
#       value: !astropy.table.SerializedColumn {name: W_2p}
#     Z:
#       __class__: astropy.units.quantity.Quantity
#       unit: !astropy.units.Unit {unit: ''}
#       value: !astropy.table.SerializedColumn {name: Z}
#     energy:
#       __class__: astropy.units.quantity.Quantity
#       unit: !astropy.units.Unit {unit: erg / (kpc2 yr)}
#       value: !astropy.table.SerializedColumn {name: energy}
#     energy_loading:
#       __class__: astropy.units.quantity.Quantity
#       unit: !astropy.units.Unit {unit: ''}
#       value: !astropy.table.SerializedColumn {name: energy_loading}
#     enrichment:
#       __class__: astropy.units.quantity.Quantity
#       unit: !astropy.units.Unit {unit: ''}
#       value: !astropy.table.SerializedColumn {name: enrichment}
#     fmass_sn:
#       __class__: astropy.units.quantity.Quantity
#       unit: !astropy.units.Unit {unit: ''}
#       value: !astropy.table.SerializedColumn {name: fmass_sn}
#     fmetal_sn:
[...]
#     surf:
#       __class__: astropy.units.quantity.Quantity
#       unit: !astropy.units.Unit {unit: solMass / pc2}
#       value: !astropy.table.SerializedColumn {name: surf}
#     tdep10:
#       __class__: astropy.units.quantity.Quantity
#       unit: &id002 !astropy.units.Unit {unit: Myr}
#       value: !astropy.table.SerializedColumn {name: tdep10}
#     tdep100:
#       __class__: astropy.units.quantity.Quantity
#       unit: *id002
#       value: !astropy.table.SerializedColumn {name: tdep100}
#     tdep40:
#       __class__: astropy.units.quantity.Quantity
#       unit: *id002
#       value: !astropy.table.SerializedColumn {name: tdep40}
#     v3:
#       __class__: astropy.units.quantity.Quantity
#       unit: !astropy.units.Unit {unit: km / s}
#       value: !astropy.table.SerializedColumn {name: v3}
#     v3_2p:
#       __class__: astropy.units.quantity.Quantity
#       unit: !astropy.units.Unit {unit: km / s}
#       value: !astropy.table.SerializedColumn {name: v3_2p}
#     vB:
#       __class__: astropy.units.quantity.Quantity
#       unit: !astropy.units.Unit {unit: km / s}
#       value: !astropy.table.SerializedColumn {name: vB}
#     vout_flux:
#       __class__: astropy.units.quantity.Quantity
#       unit: !astropy.units.Unit {unit: km / s}
#       value: !astropy.table.SerializedColumn {name: vout_flux}
# schema: astropy-2.0
model phase z mass mom_kin energy metal metal_sn mass_loading mom_loading energy_loading metal_loading metal_sn_loading vout_flux vB Z enrichment fmass_sn fmetal_sn H H_2p v3 v3_2p sigma_eff sfr10 sfr40 sfr100 surf nmid_2p Pmid_2p W_2p tdep10 tdep40 tdep100
R2 cool H 0.38562300534274624 25.10505887488327 3.8785277943309547e+46 0.015616153544132658 0.0017572320986369162 0.4252547453846842 0.02143466312039923 0.00407363840930055 0.815275118655962 0.09243240378949213 15.56938706524375 18.254002770062726 0.0038084447318797406 0.07414591008998327 0.012155297775359536 0.06670041441218018 101.6273794498178 99.49616836970239 13.733226377746268 9.209239067999842 14.319674502327093 0.9082483330390646 0.441409083097844 0.2865941762959308 27.71670716948816 16.558288669481538 1293144.2918601974 441678.3279011253 3065.9538548475393 12182.53443233161 30477.56906814246
R2 int H 0.021932873167759815 3.867028021765797 1.3148065412295678e+46 0.0008340441312305504 0.00023827792695097272 0.027678491773980234 0.0037426313868976586 0.0014611315492935152 0.05128406222227098 0.013445261117373196 17.942435346026446 18.299485338593556 0.004178841105317349 0.06777108434412739 0.008590197151632065 0.05064002562487633 101.6273794498178 99.49616836970239 13.733226377746268 9.209239067999842 14.319674502327093 0.9082483330390646 0.441409083097844 0.2865941762959308 27.71670716948816 16.558288669481538 1293144.2918601974 441678.3279011253 3065.9538548475393 12182.53443233161 30477.56906814246
R2 hot H 0.04315427293094815 32.71705578293924 1.362513926132705e+48 0.0034479785362125847 0.0026877996577154405 0.05474356933700116 0.05062663413090721 0.1456141483528518 0.20189298091488597 0.14802988672458375 82.81864207153971 197.0676909446437 0.007885301034464744 0.30710553419406744 0.04344455478834402 0.06824014276909335 101.6273794498178 99.49616836970239 13.733226377746268 9.209239067999842 14.319674502327093 0.9082483330390646 0.441409083097844 0.2865941762959308 27.71670716948816 16.558288669481538 1293144.2918601974 441678.3279011253 3065.9538548475393 12182.53443233161 30477.56906814246
R4 cool H 0.24498855501469963 10.507380401284077 8.811119463863195e+45 0.0074364813666468205 0.0004393952233114734 2.6371493160251185 0.08827918832788265 0.00911350797027719 3.8415904200629734 0.21528865598466004 13.3047950896625 15.131195742895372 0.0015746860291455426 0.05723369865682364 0.008052630646204442 0.051869597754402384 107.89835999213936 109.51310948749088 7.643962429372892 6.7149257789063626 8.330554329344006 0.1419939883731653 0.08556510672465809 0.05407720941942362 7.836276411077936 5.954895675716032 265877.8814064833 72620.76129254303 1292.8012908572366 4105.4754541299135 10292.429550169341
R4 int H 0.0073477004596674 1.007395973589645 2.6667678457388195e+45 0.00022859534503463796 5.1153726512989434e-05 0.09679693610078018 0.010281196399624382 0.003011450018999405 0.14940445303774594 0.027738392437718473 15.678815449114827 15.170473183425862 0.0014819682991230566 0.0499073236187553 0.006498102786028083 0.04246062523248391 107.89835999213936 109.51310948749088 7.643962429372892 6.7149257789063626 8.330554329344006 0.1419939883731653 0.08556510672465809 0.05407720941942362 7.836276411077936 5.954895675716032 265877.8814064833 72620.76129254303 1292.8012908572366 4105.4754541299135 10292.429550169341
R4 hot H 0.010735964417944796 6.727150136392106 1.7691677080756007e+47 0.0006438478026148279 0.00044048707153283015 0.1655099910249891 0.10215430889868497 0.18962819472816553 0.41756877022984573 0.2410652216036638 78.5138872238514 148.12463416389102 0.004647932816070856 0.21816506066458743 0.03065004116269163 0.08887934056252789 107.89835999213936 109.51310948749088 7.643962429372892 6.7149257789063626 8.330554329344006 0.1419939883731653 0.08556510672465809 0.05407720941942362 7.836276411077936 5.954895675716032 265877.8814064833 72620.76129254303 1292.8012908572366 4105.4754541299135 10292.429550169341
R8 cool H nan nan nan nan nan 5.268249690406144 0.09389239592694953 0.006696340469655406 5.487857472817787 0.1458809489876234 nan nan nan nan nan nan 89.81543614232115 87.62299426087435 2.8779640820078165 1.5008449470603025 3.1138990025412623 0.0032485881860480708 0.001780172349453084 0.0012846899549829346 0.8417187583257848 0.273268432364206 3782.5925565539505 2367.905795415592 8249.916887972215 5756.201666727724 12786.449176126302
R8 int H nan nan nan nan nan 0.15275202626804996 0.011421695973881247 0.0029324772603460223 0.17161144591828 0.016926911659617114 nan nan nan nan nan nan 89.81543614232115 87.62299426087435 2.8779640820078165 1.5008449470603025 3.1138990025412623 0.0032485881860480708 0.001780172349453084 0.0012846899549829346 0.8417187583257848 0.273268432364206 3782.5925565539505 2367.905795415592 8249.916887972215 5756.201666727724 12786.449176126302
R8 hot H nan nan nan nan nan 0.17118975659332297 0.07376830865366589 0.08794323102969316 0.2655747540690838 0.10519583598589104 nan nan nan nan nan nan 89.81543614232115 87.62299426087435 2.8779640820078165 1.5008449470603025 3.1138990025412623 0.0032485881860480708 0.001780172349453084 0.0012846899549829346 0.8417187583257848 0.273268432364206 3782.5925565539505 2367.905795415592 8249.916887972215 5756.201666727724 12786.449176126302
R16 cool H 0.003269480117120607 0.0311928851451328 1.4335227955106284e+43 6.61623231104794e-05 6.719406761593167e-09 58.43772423003139 0.6826739078434313 0.02371424727187634 56.40479232346009 0.003625771615770109 2.4914687759778777 2.4639594145321504 7.831403044332041e-05 0.002310326617441602 1.9063017016518098e-05 0.0001921846523751138 284.1683537118717 282.580607701835 2.1207918106940737 1.9428840744339921 2.230722640251719 8.087436585365126e-05 6.220280669325451e-05 4.5233490424368e-05 0.017402585862300732 0.03711385914212497 327.13468350699856 133.19777784675068 nan nan nan
R16 int H 3.0413401958928878e-05 0.0014464430479233994 3.5999348464072914e+42 6.548552845981401e-07 4.564779884008062e-08 0.45058472115234105 0.0269460600009111 0.004798754585341364 0.46370680024098104 0.03204054387498001 11.662681498004737 13.369796364355974 0.0004938748031511303 0.024177372661641678 0.003909571621525155 0.021550015098031134 284.1683537118717 282.580607701835 2.1207918106940737 1.9428840744339921 2.230722640251719 8.087436585365126e-05 6.220280669325451e-05 4.5233490424368e-05 0.017402585862300732 0.03711385914212497 327.13468350699856 133.19777784675068 nan nan nan
R16 hot H 1.4879185653082242e-05 0.0028913979923548563 8.203876056546923e+43 4.7058100656709525e-07 2.0698580644652465e-07 0.2063993511842567 0.10852294373864974 0.10728388008484577 0.31503899453539397 0.1392626970110087 52.93482917076544 186.85575674100883 0.006374427476337393 0.3150906067118301 0.0406660463557097 0.1192877414044077 284.1683537118717 282.580607701835 2.1207918106940737 1.9428840744339921 2.230722640251719 8.087436585365126e-05 6.220280669325451e-05 4.5233490424368e-05 0.017402585862300732 0.03711385914212497 327.13468350699856 133.19777784675068 nan nan nan
LGR2 cool H 0.3660775103647044 19.410560709207072 2.311198442898236e+46 0.012003921689986475 0.0010634098328879207 1.0138955198041557 0.04057733594280874 0.00581095016286376 1.5961423361214664 0.13608848903013562 10.188918742543374 11.840501538460682 0.0037414314664402414 0.03618637509931294 0.0071120374258128415 0.036584317495004966 108.46472292872626 110.32833873514305 8.410262702776395 6.912881553201707 8.09628748569199 0.3997251672294661 0.2605248080517323 0.19008758484403876 30.833762077182204 6.477037154425974 481757.9475451725 287040.8703720723 2353.0077193134707 9172.375067143183 22944.990857223096
LGR2 int H 0.013116662876693962 1.869995878018143 5.529472680195508e+45 0.0005036845154780918 0.00010851107318877674 0.040181793793522796 0.004556481929904003 0.0015100776920903218 0.07346582362185829 0.015392202275922534 19.128949716113762 17.28161274224972 0.0033187453583546902 0.04293273069296421 0.006484002315081138 0.034328745707063436 108.46472292872626 110.32833873514305 8.410262702776395 6.912881553201707 8.09628748569199 0.3997251672294661 0.2605248080517323 0.19008758484403876 30.833762077182204 6.477037154425974 481757.9475451725 287040.8703720723 2353.0077193134707 9172.375067143183 22944.990857223096
LGR2 hot H 0.021783876271801665 14.576210437962876 4.391051474822822e+47 0.0015772996818542637 0.0010715526255129114 0.07449221469365275 0.054898250766300095 0.1168934919475122 0.23325683138439485 0.14620564197057515 115.98178855968375 190.26327643667867 0.00673619232824706 0.23850748526190285 0.04096651254841915 0.09159949225872624 108.46472292872626 110.32833873514305 8.410262702776395 6.912881553201707 8.09628748569199 0.3997251672294661 0.2605248080517323 0.19008758484403876 30.833762077182204 6.477037154425974 481757.9475451725 287040.8703720723 2353.0077193134707 9172.375067143183 22944.990857223096
LGR4 cool H 0.4358331258109099 12.59784221552303 7.822481447620799e+45 0.01053923408228063 0.00021565222153898175 5.757015663951598 0.13346031244149636 0.009858025265501436 6.74909763846969 0.13379683700402892 8.844794976611038 9.980426288273506 0.0020627010264901904 0.029686305278389093 0.0039522907550324955 0.02722781855906146 181.97578336073894 184.64498394419624 6.238022134458319 5.549936302243897 6.5837021498365464 0.08997074678872954 0.04460336380831012 0.02897453614567163 8.96087129193133 2.9133562393387367 111946.15774621732 40305.29765793044 3562.2430853268684 11219.394638794443 27956.784517031334
LGR4 int H 0.006765339321455091 0.764977616705547 1.8481161248992955e+45 0.00019661209772492026 2.7855632755666263e-05 0.099358856070543 0.009307077439430551 0.002468896727970326 0.13948646294050793 0.018810779038728104 18.106368519972026 18.08144485467729 0.0017633011278017298 0.025556908948336163 0.003341286618434036 0.02275530372524748 181.97578336073894 184.64498394419624 6.238022134458319 5.549936302243897 6.5837021498365464 0.08997074678872954 0.04460336380831012 0.02897453614567163 8.96087129193133 2.9133562393387367 111946.15774621732 40305.29765793044 3562.2430853268684 11219.394638794443 27956.784517031334
LGR4 hot H 0.009389792771441634 4.030258958084222 9.016351777576325e+46 0.00043937565419977604 0.00022878638900176537 0.14083907084490777 0.07809808981333713 0.11737029690442374 0.3062413512617853 0.15109282661534112 78.13976571067161 136.75087137257 0.003975768835822576 0.16289872936903868 0.022436689874689386 0.07519233634118867 181.97578336073894 184.64498394419624 6.238022134458319 5.549936302243897 6.5837021498365464 0.08997074678872954 0.04460336380831012 0.02897453614567163 8.96087129193133 2.9133562393387367 111946.15774621732 40305.29765793044 3562.2430853268684 11219.394638794443 27956.784517031334
LGR8 cool H 0.04484883390035786 0.8797096175067798 4.4775814093376454e+44 0.0009729517043307198 9.402672830250057e-06 17.20575563036563 0.2879541368278496 0.015814981704819913 17.83908987574581 0.1693918701384186 5.5911703958270085 6.212002806413035 0.0005588463527236063 0.007015301228984097 0.0008630317982402278 0.0075707153400939595 202.7856621872356 205.49850495474203 4.464691969547453 3.4193754730342114 4.535013865655958 0.002720449029910604 0.001855608090005225 0.0011527725396909502 0.7483199595280006 0.24914007826192985 4113.914858659325 1109.6338729186425 8696.09530694433 14606.569135023117 32797.27170267543
LGR8 int H 0.0008697598343842462 0.07009972896267322 1.6851246353217734e+44 2.0405582276338228e-05 1.7262529658604811e-06 0.3287889285038927 0.025118359854161398 0.006031092126170593 0.3688183659602137 0.03111918794692031 22.845082355923363 23.584365432051708 0.0017654724664769343 0.07168332332064899 0.009130021019556641 0.05452392149003446 202.7856621872356 205.49850495474203 4.464691969547453 3.4193754730342114 4.535013865655958 0.002720449029910604 0.001855608090005225 0.0011527725396909502 0.7483199595280006 0.24914007826192985 4113.914858659325 1109.6338729186425 8696.09530694433 14606.569135023117 32797.27170267543
LGR8 hot H 0.001116322187323338 0.318583293696356 4.5085964087823347e+45 3.44223718730484e-05 1.1349041168713049e-05 0.41610796551596574 0.15780223680332645 0.15755854078870918 0.6104178985547343 0.19929282814758156 86.97774675285447 139.30048507934623 0.002329306736040554 0.10667164599988192 0.01672859963437235 0.062428455085583937 202.7856621872356 205.49850495474203 4.464691969547453 3.4193754730342114 4.535013865655958 0.002720449029910604 0.001855608090005225 0.0011527725396909502 0.7483199595280006 0.24914007826192985 4113.914858659325 1109.6338729186425 8696.09530694433 14606.569135023117 32797.27170267543
R2 cool 2H 0.16328958690840764 16.107387995219838 3.091428151421938e+46 0.005853746551720421 0.0015147664375744676 0.1756485662651863 0.013381376272320757 0.003148486918219662 0.3100407923404746 0.07743242911535471 21.31848659431266 20.903591045425753 0.0045623718124722466 0.06805000271387808 0.010064309585420296 0.05109616841081229 101.6273794498178 99.49616836970239 13.733226377746268 9.209239067999842 14.319674502327093 0.9082483330390646 0.441409083097844 0.2865941762959308 27.71670716948816 16.558288669481538 1293144.2918601974 441678.3279011253 3065.9538548475393 12182.53443233161 30477.56906814246
R2 int 2H 0.020660790716780723 3.8531295189769006 1.2682662812521444e+46 0.0008462137976526375 0.0002657389415601544 0.022713619780349803 0.0033004763181462586 0.0012641505369686361 0.04481431734323416 0.01380084599402583 26.433317356436586 23.09640255928513 0.004473712672159522 0.07697804400153936 0.009633840661669793 0.05074402386146022 101.6273794498178 99.49616836970239 13.733226377746268 9.209239067999842 14.319674502327093 0.9082483330390646 0.441409083097844 0.2865941762959308 27.71670716948816 16.558288669481538 1293144.2918601974 441678.3279011253 3065.9538548475393 12182.53443233161 30477.56906814246
R2 hot 2H 0.04101222711163598 23.475868629422997 7.683942474581927e+47 0.0028725191160190768 0.0017527341657084946 0.04614438470894592 0.03426774491106593 0.07962824293805619 0.15201071487580525 0.09137503343249363 93.3332805916583 199.53495315381866 0.008053543810013981 0.18167209495538628 0.03456586490927524 0.06279849036104024 101.6273794498178 99.49616836970239 13.733226377746268 9.209239067999842 14.319674502327093 0.9082483330390646 0.441409083097844 0.2865941762959308 27.71670716948816 16.558288669481538 1293144.2918601974 441678.3279011253 3065.9538548475393 12182.53443233161 30477.56906814246
R4 cool 2H 0.05603441200286417 4.0619323597061445 4.8668122158043585e+45 0.0017702995793802709 0.00030954807660449357 0.6522048970934327 0.03538912438975406 0.005165948644393337 0.9986438421012508 0.1617318460156554 14.20421666278454 15.503952898163266 0.0016655986236297742 0.05397467093601564 0.007748174073170516 0.04798282031301629 107.89835999213936 109.51310948749088 7.643962429372892 6.7149257789063626 8.330554329344006 0.1419939883731653 0.08556510672465809 0.05407720941942362 7.836276411077936 5.954895675716032 265877.8814064833 72620.76129254303 1292.8012908572366 4105.4754541299135 10292.429550169341
R4 int 2H 0.0059037484968675535 0.8449283508475509 2.1699703501888675e+45 0.0001988906012207902 4.817321668824446e-05 0.0746259378406236 0.008382960741551777 0.002419137623641067 0.12196630553795723 0.026258308246682224 17.422325008862856 15.101172353730327 0.0014292841838340067 0.05808305194228724 0.0073655298175830915 0.04590575016376182 107.89835999213936 109.51310948749088 7.643962429372892 6.7149257789063626 8.330554329344006 0.1419939883731653 0.08556510672465809 0.05407720941942362 7.836276411077936 5.954895675716032 265877.8814064833 72620.76129254303 1292.8012908572366 4105.4754541299135 10292.429550169341
