tables/table-std.ecsv
# %ECSV 0.9
# ---
# datatype:
# - name: model
#   datatype: string
# - name: phase
#   datatype: string
# - name: z
#   datatype: string
# - name: mass
#   unit: solMass / (kpc2 yr)
#   datatype: float64
# - name: mom
#   unit: km solMass / (kpc2 s yr)
#   datatype: float64
# - name: energy
#   unit: erg / (kpc2 yr)
#   datatype: float64
# - name: metal
#   unit: solMass / (kpc2 yr)
#   datatype: float64
# - name: metal_sn
#   unit: solMass / (kpc2 yr)
#   datatype: float64
# - name: mass_loading
#   datatype: float64
# - name: mom_loading
#   datatype: float64
# - name: energy_loading
#   datatype: float64
# - name: metal_loading
#   datatype: float64
# - name: metal_sn_loading
#   datatype: float64
# - name: vout
#   unit: km / s
#   datatype: float64
# - name: vB
#   unit: km / s
#   datatype: float64
# - name: Z
#   datatype: float64
# - name: enrichment
#   datatype: float64
# - name: fmass_sn
#   datatype: float64
# - name: fmetal_sn
#   datatype: float64
# - name: H
#   unit: pc
#   datatype: float64
# - name: H_2p
#   unit: pc
#   datatype: float64
# - name: v3
#   unit: km / s
#   datatype: float64
# - name: v3_2p
#   unit: km / s
#   datatype: float64
# - name: sfr10
#   unit: solMass / (kpc2 yr)
#   datatype: float64
# - name: sfr40
#   unit: solMass / (kpc2 yr)
#   datatype: float64
# - name: sfr100
#   unit: solMass / (kpc2 yr)
#   datatype: float64
# - name: surf
#   unit: solMass / pc2
#   datatype: float64
# - name: nmid
#   unit: 1 / cm3
#   datatype: float64
# - name: Pmid
#   unit: K / cm3
#   datatype: float64
# - name: W
#   unit: K / cm3
#   datatype: float64
# - name: nmid_2p
#   unit: 1 / cm3
#   datatype: float64
# - name: Pmid_2p
#   unit: K / cm3
#   datatype: float64
# - name: W_2p
#   unit: K / cm3
#   datatype: float64
# - name: tdep10
#   unit: Myr
#   datatype: float64
# - name: tdep40
#   unit: Myr
#   datatype: float64
# - name: tdep100
#   unit: Myr
#   datatype: float64
# meta: !!omap
# - __serialized_columns__:
#     H:
#       __class__: astropy.units.quantity.Quantity
#       unit: &id001 !astropy.units.Unit
#         unit: pc
#       value: !astropy.table.SerializedColumn
#         name: H
#     H_2p:
#       __class__: astropy.units.quantity.Quantity
#       unit: *id001
#       value: !astropy.table.SerializedColumn
#         name: H_2p
#     Pmid:
#       __class__: astropy.units.quantity.Quantity
#       unit: !astropy.units.Unit
#         unit: K / cm3
#       value: !astropy.table.SerializedColumn
#         name: Pmid
#     Pmid_2p:
#       __class__: astropy.units.quantity.Quantity
#       unit: !astropy.units.Unit
#         unit: K / cm3
#       value: !astropy.table.SerializedColumn
#         name: Pmid_2p
#     W:
#       __class__: astropy.units.quantity.Quantity
#       unit: !astropy.units.Unit
#         unit: K / cm3
#       value: !astropy.table.SerializedColumn
#         name: W
#     W_2p:
#       __class__: astropy.units.quantity.Quantity
#       unit: !astropy.units.Unit
#         unit: K / cm3
#       value: !astropy.table.SerializedColumn
#         name: W_2p
#     energy:
#       __class__: astropy.units.quantity.Quantity
#       unit: !astropy.units.Unit
#         unit: erg / (kpc2 yr)
#       value: !astropy.table.SerializedColumn
#         name: energy
#     mass:
[...]
#       unit: !astropy.units.Unit
#         unit: solMass / pc2
#       value: !astropy.table.SerializedColumn
#         name: surf
#     tdep10:
#       __class__: astropy.units.quantity.Quantity
#       unit: &id002 !astropy.units.Unit
#         unit: Myr
#       value: !astropy.table.SerializedColumn
#         name: tdep10
#     tdep100:
#       __class__: astropy.units.quantity.Quantity
#       unit: *id002
#       value: !astropy.table.SerializedColumn
#         name: tdep100
#     tdep40:
#       __class__: astropy.units.quantity.Quantity
#       unit: *id002
#       value: !astropy.table.SerializedColumn
#         name: tdep40
#     v3:
#       __class__: astropy.units.quantity.Quantity
#       unit: !astropy.units.Unit
#         unit: km / s
#       value: !astropy.table.SerializedColumn
#         name: v3
#     v3_2p:
#       __class__: astropy.units.quantity.Quantity
#       unit: !astropy.units.Unit
#         unit: km / s
#       value: !astropy.table.SerializedColumn
#         name: v3_2p
#     vB:
#       __class__: astropy.units.quantity.Quantity
#       unit: !astropy.units.Unit
#         unit: km / s
#       value: !astropy.table.SerializedColumn
#         name: vB
#     vout:
#       __class__: astropy.units.quantity.Quantity
#       unit: !astropy.units.Unit
#         unit: km / s
#       value: !astropy.table.SerializedColumn
#         name: vout
# schema: astropy-2.0
model phase z mass mom energy metal metal_sn mass_loading mom_loading energy_loading metal_loading metal_sn_loading vout vB Z enrichment fmass_sn fmetal_sn H H_2p v3 v3_2p sfr10 sfr40 sfr100 surf nmid Pmid W nmid_2p Pmid_2p W_2p tdep10 tdep40 tdep100
[from data line 73]
R16 int 1000 5.257145646239948e-05 0.004265020842441316 5.92323365881049e+42 1.1279356155424282e-06 6.528638120764102e-08 0.3836481805795486 0.01242451112334712 0.005009594356852917 0.39158487715862683 0.024338058381846748 10.922264435264603 21.693243148582763 0.0011478990120334823 0.05802159614384159 0.006821219603708858 0.04822432737601192 302.39262220510943 300.8366204594404 2.2550609621879065 2.080621870002977 9.295708015672751e-05 6.832358067613016e-05 4.840915827222778e-05 0.01873501649929709 0.04661829567955481 395.52625935357344 143.531995735644 0.04030752375545402 360.7053227734048 142.40733333590296 9896236.366940368 42357.834481068414 111862.84324039367
R16 hot 1000 2.0691896332497596e-05 0.017985857303607012 1.0663344223328622e+44 6.390323336661501e-07 2.785155486907731e-07 0.14083198112294018 0.04329087070200845 0.06898998633443366 0.20912199667351536 0.09805487794652584 33.34260789554639 218.52725766361755 0.0068882484739526085 0.3406340855883512 0.04083981538765302 0.1381068024808866 302.39262220510943 300.8366204594404 2.2550609621879065 2.080621870002977 9.295708015672751e-05 6.832358067613016e-05 4.840915827222778e-05 0.01873501649929709 0.04661829567955481 395.52625935357344 143.531995735644 0.04030752375545402 360.7053227734048 142.40733333590296 9896236.366940368 42357.834481068414 111862.84324039367
LGR2 cool 1000 0.2124307173499618 18.59819026211944 2.452133453723907e+46 0.00810135309253091 0.001070471872889047 0.4477059395843725 0.014818717724790884 0.0047215886295935245 0.8593921362198218 0.13183573695124504 41.24834904181697 38.82183615960245 0.004536697142131792 0.050106128349524104 0.009090670441933504 0.04307657594795846 119.40132328247 121.38184090256244 9.14357059920107 7.475341231622266 0.44142015937295176 0.2788871913253419 0.20609880238810585 32.95951885361561 4.730292176822964 523245.8044548742 307833.86416708404 7.342526084507511 550585.7154372552 309819.67059909494 5477.540218580101 22028.543315953804 55116.09446233182
LGR2 int 1000 0.01087121968339586 2.080440367052914 5.802351550009355e+45 0.0004539587287618059 0.00010446560560834958 0.037766740582628425 0.002548237424273709 0.001545960078374808 0.08121755204624005 0.017245830996923478 46.86136949870046 40.012226320245354 0.004202584807409598 0.05917496429738168 0.010043411775136766 0.04419508483224078 119.40132328247 121.38184090256244 9.14357059920107 7.475341231622266 0.44142015937295176 0.2788871913253419 0.20609880238810585 32.95951885361561 4.730292176822964 523245.8044548742 307833.86416708404 7.342526084507511 550585.7154372552 309819.67059909494 5477.540218580101 22028.543315953804 55116.09446233182
LGR2 hot 1000 0.019141709270809156 14.972016685877989 1.9984655721893518e+47 0.0011148589183901663 0.0005940851361832605 0.06326272900536352 0.013912329592610394 0.03836401671573136 0.15944542915757864 0.061549012875122246 95.45563738371874 215.86208040024073 0.0069749833026169095 0.19631764490039535 0.035790780748676296 0.09719143265664053 119.40132328247 121.38184090256244 9.14357059920107 7.475341231622266 0.44142015937295176 0.2788871913253419 0.20609880238810585 32.95951885361561 4.730292176822964 523245.8044548742 307833.86416708404 7.342526084507511 550585.7154372552 309819.67059909494 5477.540218580101 22028.543315953804 55116.09446233182
LGR4 cool 1000 0.11024724110668338 5.476244932603622 4.3083606249669724e+45 0.0030490706774496446 0.00018625771028018528 1.1049097911930428 0.01882610017765341 0.003531037486500873 1.5097891883942585 0.10414130343163715 24.846717902417787 25.080346377986572 0.0021379370194457904 0.04890883749694583 0.0068791609507873495 0.04393184647539565 193.50619122432104 196.36398122535573 6.694645769109358 6.060483996800368 0.10229649258478302 0.04792159103804254 0.03200016129772403 9.614533738431945 2.9260437533893455 95561.17809622134 41861.30219085263 3.146847451108768 125504.21150142871 42851.58134408397 6665.05855083838 26716.161396781044 66910.3073099749
LGR4 int 1000 0.003770440741418396 0.5208229503266933 1.083155420030347e+45 0.00011452442910398415 1.7298860122445814e-05 0.04727057055866917 0.0023548030898185002 0.0011929109801088811 0.07141747788686907 0.010922159052204514 28.394363596101304 29.48476953031416 0.0022500088951947824 0.05384872921689481 0.007828471340288844 0.04208574827647458 193.50619122432104 196.36398122535573 6.694645769109358 6.060483996800368 0.10229649258478302 0.04792159103804254 0.03200016129772403 9.614533738431945 2.9260437533893455 95561.17809622134 41861.30219085263 3.146847451108768 125504.21150142871 42851.58134408397 6665.05855083838 26716.161396781044 66910.3073099749
LGR4 hot 1000 0.005189153773345765 2.4914448459115683 2.1073746217367158e+46 0.00019436015898830172 6.596824921103674e-05 0.07526851542854011 0.012613914819432935 0.024399851344718483 0.13251649345427308 0.041058631546542 67.1002871619335 141.99373350934448 0.003971286648843049 0.12220111385548246 0.01863801699205872 0.07011931708840347 193.50619122432104 196.36398122535573 6.694645769109358 6.060483996800368 0.10229649258478302 0.04792159103804254 0.03200016129772403 9.614533738431945 2.9260437533893455 95561.17809622134 41861.30219085263 3.146847451108768 125504.21150142871 42851.58134408397 6665.05855083838 26716.161396781044 66910.3073099749
LGR8 cool 1000 0.019104219772069705 0.6268613734120401 3.4678642499487233e+44 0.0004189365718096852 1.0706856096827315e-05 17.61085097744639 0.1345364259956311 0.012224853770181263 17.995860345606033 0.20510282926277182 15.547715902841448 20.072245296899222 0.0007674422689761854 0.018599547894141696 0.002320545650271925 0.0193773516116954 218.64870974734924 221.8527766122149 4.804351420566866 3.627556367341688 0.0030189098355285072 0.001998337492530023 0.0012237578128319031 0.7989894330841049 0.20240609233711562 4812.946892979158 1194.446261737615 0.26975550734659254 4423.491667510513 1200.4205196233227 11854.067630665159 35131.67666981679 88365.82486349225
LGR8 int 1000 0.0007957077891827709 0.09048086496402824 1.62076374328764e+44 1.887260235849907e-05 1.673251448508359e-06 0.2716061620124995 0.010613929969293025 0.004482714832355062 0.29316839086087465 0.02172492588849696 22.200486864874605 34.74259190334374 0.0018270551253873738 0.07099541829015682 0.009196112314202098 0.05531252755286437 218.64870974734924 221.8527766122149 4.804351420566866 3.627556367341688 0.0030189098355285072 0.001998337492530023 0.0012237578128319031 0.7989894330841049 0.20240609233711562 4812.946892979158 1194.446261737615 0.26975550734659254 4423.491667510513 1200.4205196233227 11854.067630665159 35131.67666981679 88365.82486349225
LGR8 hot 1000 0.0007676404181431911 0.34546132983158107 2.4203886218905702e+45 2.2561233632267222e-05 6.653846697574772e-06 0.24457348029679093 0.03687163131483422 0.05848095938826944 0.3228927953288843 0.08767560276264734 57.48094123135564 129.9105191539929 0.0026049355124334425 0.1193910443326791 0.018947294911616785 0.0715519139568063 218.64870974734924 221.8527766122149 4.804351420566866 3.627556367341688 0.0030189098355285072 0.001998337492530023 0.0012237578128319031 0.7989894330841049 0.20240609233711562 4812.946892979158 1194.446261737615 0.26975550734659254 4423.491667510513 1200.4205196233227 11854.067630665159 35131.67666981679 88365.82486349225
