tables/table-mean.ecsv
# %ECSV 0.9
# ---
# datatype:
# - {name: model, datatype: string}
# - {name: phase, datatype: string}
# - {name: z, datatype: string}
# - {name: mass, unit: solMass / (kpc2 yr), datatype: float64}
# - {name: mom_kin, datatype: float64}
# - {name: energy, unit: erg / (kpc2 yr), datatype: float64}
# - {name: metal, unit: solMass / (kpc2 yr), datatype: float64}
# - {name: metal_sn, unit: solMass / (kpc2 yr), datatype: float64}
# - {name: mass_loading, datatype: float64}
# - {name: mom_kin_loading, datatype: float64}
# - {name: energy_loading, datatype: float64}
# - {name: metal_loading, datatype: float64}
# - {name: metal_sn_loading, datatype: float64}
# - {name: vout_flux, unit: km / s, datatype: float64}
# - {name: vB, unit: km / s, datatype: float64}
# - {name: Z, datatype: float64}
# - {name: enrichment, datatype: float64}
# - {name: fmass_sn, datatype: float64}
# - {name: fmetal_sn, datatype: float64}
# - {name: H, unit: pc, datatype: float64}
# - {name: H_2p, unit: pc, datatype: float64}
# - {name: v3, unit: km / s, datatype: float64}
# - {name: v3_2p, unit: km / s, datatype: float64}
# - {name: sigma_eff, unit: km / s, datatype: float64}
# - {name: sfr10, unit: solMass / (kpc2 yr), datatype: float64}
# - {name: sfr40, unit: solMass / (kpc2 yr), datatype: float64}
# - {name: sfr100, unit: solMass / (kpc2 yr), datatype: float64}
# - {name: surf, unit: solMass / pc2, datatype: float64}
# - {name: nmid_2p, unit: 1 / cm3, datatype: float64}
# - {name: Pmid_2p, unit: K / cm3, datatype: float64}
# - {name: W_2p, unit: K / cm3, datatype: float64}
# - {name: tdep10, unit: Myr, datatype: float64}
# - {name: tdep40, unit: Myr, datatype: float64}
# - {name: tdep100, unit: Myr, datatype: float64}
# meta: !!omap
# - __serialized_columns__:
#     H:
#       __class__: astropy.units.quantity.Quantity
#       unit: &id001 !astropy.units.Unit {unit: pc}
#       value: !astropy.table.SerializedColumn {name: H}
#     H_2p:
#       __class__: astropy.units.quantity.Quantity
#       unit: *id001
#       value: !astropy.table.SerializedColumn {name: H_2p}
#     Pmid_2p:
#       __class__: astropy.units.quantity.Quantity
#       unit: !astropy.units.Unit {unit: K / cm3}
#       value: !astropy.table.SerializedColumn {name: Pmid_2p}
#     W_2p:
#       __class__: astropy.units.quantity.Quantity
#       unit: !astropy.units.Unit {unit: K / cm3}
#       value: !astropy.table.SerializedColumn {name: W_2p}
#     Z:
#       __class__: astropy.units.quantity.Quantity
#       unit: !astropy.units.Unit {unit: ''}
#       value: !astropy.table.SerializedColumn {name: Z}
#     energy:
#       __class__: astropy.units.quantity.Quantity
#       unit: !astropy.units.Unit {unit: erg / (kpc2 yr)}
#       value: !astropy.table.SerializedColumn {name: energy}
#     energy_loading:
#       __class__: astropy.units.quantity.Quantity
#       unit: !astropy.units.Unit {unit: ''}
#       value: !astropy.table.SerializedColumn {name: energy_loading}
#     enrichment:
#       __class__: astropy.units.quantity.Quantity
#       unit: !astropy.units.Unit {unit: ''}
#       value: !astropy.table.SerializedColumn {name: enrichment}
#     fmass_sn:
#       __class__: astropy.units.quantity.Quantity
#       unit: !astropy.units.Unit {unit: ''}
#       value: !astropy.table.SerializedColumn {name: fmass_sn}
#     fmetal_sn:
[...]
#     surf:
#       __class__: astropy.units.quantity.Quantity
#       unit: !astropy.units.Unit {unit: solMass / pc2}
#       value: !astropy.table.SerializedColumn {name: surf}
#     tdep10:
#       __class__: astropy.units.quantity.Quantity
#       unit: &id002 !astropy.units.Unit {unit: Myr}
#       value: !astropy.table.SerializedColumn {name: tdep10}
#     tdep100:
#       __class__: astropy.units.quantity.Quantity
#       unit: *id002
#       value: !astropy.table.SerializedColumn {name: tdep100}
#     tdep40:
#       __class__: astropy.units.quantity.Quantity
#       unit: *id002
#       value: !astropy.table.SerializedColumn {name: tdep40}
#     v3:
#       __class__: astropy.units.quantity.Quantity
#       unit: !astropy.units.Unit {unit: km / s}
#       value: !astropy.table.SerializedColumn {name: v3}
#     v3_2p:
#       __class__: astropy.units.quantity.Quantity
#       unit: !astropy.units.Unit {unit: km / s}
#       value: !astropy.table.SerializedColumn {name: v3_2p}
#     vB:
#       __class__: astropy.units.quantity.Quantity
#       unit: !astropy.units.Unit {unit: km / s}
#       value: !astropy.table.SerializedColumn {name: vB}
#     vout_flux:
#       __class__: astropy.units.quantity.Quantity
#       unit: !astropy.units.Unit {unit: km / s}
#       value: !astropy.table.SerializedColumn {name: vout_flux}
# schema: astropy-2.0
model phase z mass mom_kin energy metal metal_sn mass_loading mom_kin_loading energy_loading metal_loading metal_sn_loading vout_flux vB Z enrichment fmass_sn fmetal_sn H H_2p v3 v3_2p sigma_eff sfr10 sfr40 sfr100 surf nmid_2p Pmid_2p W_2p tdep10 tdep40 tdep100
[from data line 56]
LGR2 hot 500 0.040954657753687354 19.774265146188014 4.723514566789606e+47 0.0024108365321589336 0.0012935508137918662 0.0877239393129686 0.06411657105093711 0.09723900102316768 0.24735257464305993 0.13255821989496547 415.3460698638645 919.9107020163965 0.054563872079596606 1.7028651576982765 0.13270758625541812 0.473672921741483 316.4195074884766 310.7947123838118 31.236370310527494 24.90100852311839 40.40955604098313 0.4775937870021559 0.45150057069723776 0.4209752734788783 89.30191828067922 12.841425125428097 955678.7799601407 862162.107168869 1117.2415431195507 3598.931292196469 8715.823025140662
LGR4 cool 500 0.25497467367081694 9.249347209313386 6.716332519109652e+45 0.007019416907551967 0.00022598726877333578 2.8502940085697 0.1560566306892227 0.0071002568502331245 3.7514659717286922 0.12038860095432825 37.98390580918684 55.27439838064975 0.028330543988822343 1.054069388200699 0.008495085754591809 0.059915454481588595 389.50896146101564 385.0825095994741 22.43551370273425 18.67917719861356 27.727211647584333 0.08965010972274885 0.08476898378997827 0.07497050073755471 43.605678412495834 5.293077274022167 194611.42735759373 165252.00941169163 2216.1906653471156 4609.561580949383 10750.853597020165
LGR4 int 500 0.009365740699525272 0.9418107831269521 2.2573233355703977e+45 0.0002844655527661886 3.3867471143819094e-05 0.10450890007566224 0.01590244698757089 0.0023978553001937045 0.15188028860452973 0.018180620095294812 90.46214552799312 149.21380193296622 0.030090990905689573 1.1193306237506644 0.018352758210948623 0.1221921843985477 389.50896146101564 385.0825095994741 22.43551370273425 18.67917719861356 27.727211647584333 0.08965010972274885 0.08476898378997827 0.07497050073755471 43.605678412495834 5.293077274022167 194611.42735759373 165252.00941169163 2216.1906653471156 4609.561580949383 10750.853597020165
LGR4 hot 500 0.01498499447713759 5.042119468226497 9.506031729587794e+46 0.0006294700017220267 0.000256392364620202 0.168702637136603 0.08654398931968454 0.10310155367312457 0.33983675489620196 0.13902010469181394 293.9126184424602 700.6056054896941 0.039792171101272075 1.4799219982991967 0.07446035741925595 0.36633304246693665 389.50896146101564 385.0825095994741 22.43551370273425 18.67917719861356 27.727211647584333 0.08965010972274885 0.08476898378997827 0.07497050073755471 43.605678412495834 5.293077274022167 194611.42735759373 165252.00941169163 2216.1906653471156 4609.561580949383 10750.853597020165
LGR8 cool 500 0.03306811281349488 0.6046542175165959 3.15040545194453e+44 0.000724243988819723 6.860380483126898e-06 10.040287318763495 0.2760052879145356 0.009047966349947667 10.493379873542647 0.09741017368603423 14.804631255106507 28.78480994120149 0.02198919859423032 1.0114817094756958 0.001423055494094914 0.013010620841215473 513.907382333055 505.3035643558304 11.623414068088284 10.018881599742416 15.117583307356568 0.0030749974972345156 0.002890094236958763 0.002603961794996954 10.922672545517448 0.6876365383237064 9523.286913780808 8535.386090416665 8698.983739069876 9788.840919079601 16269.706516966611
LGR8 int 500 0.0007681560350471317 0.05450523460436922 1.3254961879198738e+44 1.802606144447398e-05 1.457304183661383e-06 0.23630278986240133 0.025375940618774018 0.003894898561650032 0.26471704037609767 0.021363071425060484 55.10784913855596 122.13558767804854 0.023734660104290355 1.0920104958109285 0.0109096619615476 0.0908605322893752 513.907382333055 505.3035643558304 11.623414068088284 10.018881599742416 15.117583307356568 0.0030749974972345156 0.002890094236958763 0.002603961794996954 10.922672545517448 0.6876365383237064 9523.286913780808 8535.386090416665 8698.983739069876 9788.840919079601 16269.706516966611
LGR8 hot 500 0.0008934184941861053 0.221139692890624 3.2565617450451476e+45 2.71622897425947e-05 8.627107550339696e-06 0.2721367031819703 0.10214404189656111 0.09483857674213879 0.3947671862230037 0.12528173744370683 179.84785983773375 503.1736968778181 0.029334883625333874 1.3514784084799052 0.040477711231507174 0.2837773770535706 513.907382333055 505.3035643558304 11.623414068088284 10.018881599742416 15.117583307356568 0.0030749974972345156 0.002890094236958763 0.002603961794996954 10.922672545517448 0.6876365383237064 9523.286913780808 8535.386090416665 8698.983739069876 9788.840919079601 16269.706516966611
R2 cool 1000 0.1970437945379075 23.109976015328662 4.3979697742906156e+46 0.008048795186633801 0.002019629987561609 0.1757749015761786 0.03131148130556726 0.0037640049019438465 0.3441450661500868 0.08761880859594513 110.04604128623384 141.99113348313304 0.04273695527635264 1.2473046286254008 0.05026539073918197 0.23599336489494338 273.066333873284 265.07361846132784 44.69307160027206 33.43396314862976 56.10530126768007 0.9955325599224909 0.9405596884786906 0.6206093593781595 90.47690296361246 28.579345569010037 2497604.8781580594 1958046.4442151026 1279.7100254621237 4670.208107679293 11621.029026396718
R2 int 1000 0.02871921561137097 5.430055046369652 1.700846284234779e+46 0.0012654002243228087 0.0003738275587176287 0.02610695011026241 0.0074797452032759676 0.0014697074574422635 0.05500105582133593 0.016379465102302974 169.35999910965782 225.11600748065592 0.044775191374570714 1.3093280875724544 0.06255477048293 0.2810081294077009 273.066333873284 265.07361846132784 44.69307160027206 33.43396314862976 56.10530126768007 0.9955325599224909 0.9405596884786906 0.6206093593781595 90.47690296361246 28.579345569010037 2497604.8781580594 1958046.4442151026 1279.7100254621237 4670.208107679293 11621.029026396718
R2 hot 1000 0.060963923780474605 29.343284449590126 6.390019874419446e+47 0.0037226570925348495 0.0019100357421516984 0.05555817060136429 0.04053317377271374 0.0562231861033308 0.16244691047050602 0.08388601008403629 385.9649786360869 827.309610108883 0.05639965076855383 1.6529425514915874 0.13311643088579178 0.46631835736906185 273.066333873284 265.07361846132784 44.69307160027206 33.43396314862976 56.10530126768007 0.9955325599224909 0.9405596884786906 0.6206093593781595 90.47690296361246 28.579345569010037 2497604.8781580594 1958046.4442151026 1279.7100254621237 4670.208107679293 11621.029026396718
R4 cool 1000 0.05533621234192107 4.225702659879538 5.206933915345011e+45 0.0018266222744476198 0.00031788554421625074 0.4567206663053053 0.05241633607745201 0.004030802513334837 0.7211542164586707 0.12412614416633598 78.6243441404265 97.6245025097595 0.034945033275909226 1.1606623643320049 0.02796221068052117 0.1606769280244159 300.3239156099834 290.83586177942084 31.83518730349157 24.372303027001028 37.5187540173449 0.1404187177269351 0.1309376640557768 0.11569005204570054 32.9494737852447 7.48522922164953 372241.26409211784 295449.6087950561 880.7368704437375 1729.8360421080945 3966.283768592817
R4 int 1000 0.007733945573805257 1.056084826618733 2.5981600956898938e+45 0.0002715335814769794 5.696774829521636e-05 0.06455088718911312 0.013291041458630276 0.002054108911144128 0.10844225761781451 0.022534263721590817 127.14143581403609 174.85278447775414 0.036065199371698956 1.1989189737043011 0.034538469148793584 0.19252019629711564 300.3239156099834 290.83586177942084 31.83518730349157 24.372303027001028 37.5187540173449 0.1404187177269351 0.1309376640557768 0.11569005204570054 32.9494737852447 7.48522922164953 372241.26409211784 295449.6087950561 880.7368704437375 1729.8360421080945 3966.283768592817
R4 hot 1000 0.013611079081392467 4.730874857160715 6.841985887178324e+46 0.0005996149354089901 0.0002330958257008311 0.113986750444539 0.05998046963809098 0.05371153593691874 0.23911201707256818 0.0918164970910591 293.6713809550531 581.8618684577639 0.042032191054214504 1.4042946292253045 0.0695251799177947 0.32578185436321255 300.3239156099834 290.83586177942084 31.83518730349157 24.372303027001028 37.5187540173449 0.1404187177269351 0.1309376640557768 0.11569005204570054 32.9494737852447 7.48522922164953 372241.26409211784 295449.6087950561 880.7368704437375 1729.8360421080945 3966.283768592817
R8 cool 1000 nan nan nan nan nan 0.915454288270399 0.04850627666239482 0.0023138400273434493 1.010438565532542 0.07076571351752232 nan nan nan nan nan nan 330.94505969950734 310.1049901600234 12.404373154355392 10.036805296303825 17.217055756047195 0.004270799490302867 0.004129668584254438 0.004011951007952602 10.298732224568708 1.29335588408967 19615.480002521246 18281.06505210203 6507.079618816314 4599.99812546632 7035.683337781747
R8 int 1000 nan nan nan nan nan 0.14500167611330972 0.015546244876211875 0.0024829006983089303 0.16601522515231845 0.018049001170207267 nan nan nan nan nan nan 330.94505969950734 310.1049901600234 12.404373154355392 10.036805296303825 17.217055756047195 0.004270799490302867 0.004129668584254438 0.004011951007952602 10.298732224568708 1.29335588408967 19615.480002521246 18281.06505210203 6507.079618816314 4599.99812546632 7035.683337781747
R8 hot 1000 nan nan nan nan nan 0.13805576725831367 0.040067402627502795 0.032224895131335626 0.1915134319206479 0.05428165227835662 nan nan nan nan nan nan 330.94505969950734 310.1049901600234 12.404373154355392 10.036805296303825 17.217055756047195 0.004270799490302867 0.004129668584254438 0.004011951007952602 10.298732224568708 1.29335588408967 19615.480002521246 18281.06505210203 6507.079618816314 4599.99812546632 7035.683337781747
R16 cool 1000 0.003961950222330443 0.04254408259521725 1.9563060573166943e+43 8.017515235194833e-05 1.0738733034885779e-08 40.70340845012594 0.6740485290181779 0.0194672917388743 39.336545217195784 0.005119707087531256 9.643308133414438 21.395214664709734 0.020214514914726315 0.9975373935970558 7.213789924000974e-05 0.0008159031988969934 699.9182716609296 690.8682583578351 6.481473496429894 6.039925062666125 9.793120365886242 5.159673927369734e-05 5.233796103970495e-05 4.5043603057153546e-05 2.4638073168589423 0.08742198503514179 636.0052315688696 636.1876487703312 nan nan nan
R16 int 1000 3.435488468582572e-05 0.0014447018295271079 3.6737622581455033e+42 7.399232143361527e-07 4.653809561957382e-08 0.3663544672043903 0.023249177290665782 0.00366169887078287 0.37680775582697196 0.023672067908975337 33.608755540047916 96.52381395110974 0.021838339567677816 1.0780143166374088 0.006832904234038436 0.07812937686021638 699.9182716609296 690.8682583578351 6.481473496429894 6.039925062666125 9.793120365886242 5.159673927369734e-05 5.233796103970495e-05 4.5043603057153546e-05 2.4638073168589423 0.08742198503514179 636.0052315688696 636.1876487703312 nan nan nan
R16 hot 1000 1.1612575524112628e-05 0.0016517184674679744 4.2482740986673675e+43 3.5605582042312615e-07 1.3363069004221027e-07 0.12134791284903317 0.025945815678900707 0.04382912574099068 0.17935878600630928 0.06855407698168393 118.83942783784104 490.18673790897606 0.03008516412925669 1.484690759927705 0.038853787807023026 0.334664648309844 699.9182716609296 690.8682583578351 6.481473496429894 6.039925062666125 9.793120365886242 5.159673927369734e-05 5.233796103970495e-05 4.5043603057153546e-05 2.4638073168589423 0.08742198503514179 636.0052315688696 636.1876487703312 nan nan nan
LGR2 cool 1000 0.16957297605361588 13.917094452853672 1.9669119580592914e+46 0.006310856096533709 0.0008917381954951322 0.35715292116865577 0.04463120326590724 0.003982430747967943 0.6371986119155166 0.08994271317550583 80.17261140824615 103.74702992298107 0.03714485159288477 1.152012891411433 0.029161480121727413 0.15624334186592512 316.4195074884766 310.7947123838118 31.236370310527494 24.90100852311839 40.40955604098313 0.4775937870021559 0.45150057069723776 0.4209752734788783 89.30191828067922 12.841425125428097 955678.7799601407 862162.107168869 1117.2415431195507 3598.931292196469 8715.823025140662
LGR2 int 1000 0.013090255491331615 2.1110737466241583 5.959278671152092e+45 0.0005282405250047684 0.00012140455406301337 0.027731083373010883 0.006811281917842724 0.0012109045904448693 0.05357345606397989 0.01219606861701354 139.22813715122263 194.93209176654204 0.03972375521846457 1.2346705408371181 0.04422179548977798 0.22395241288048526 316.4195074884766 310.7947123838118 31.236370310527494 24.90100852311839 40.40955604098313 0.4775937870021559 0.45150057069723776 0.4209752734788783 89.30191828067922 12.841425125428097 955678.7799601407 862162.107168869 1117.2415431195507 3598.931292196469 8715.823025140662
LGR2 hot 1000 0.025471223588600014 10.567583271389896 1.866924245566178e+47 0.0013499744274597198 0.0006264145152428443 0.0536522693331514 0.03389091239719323 0.03745769149762723 0.13603062601321025 0.06270729332948335 328.15139294171354 705.0219237214739 0.049307056270123356 1.5364417118214158 0.10142022584958861 0.4027245767976491 316.4195074884766 310.7947123838118 31.236370310527494 24.90100852311839 40.40955604098313 0.4775937870021559 0.45150057069723776 0.4209752734788783 89.30191828067922 12.841425125428097 955678.7799601407 862162.107168869 1117.2415431195507 3598.931292196469 8715.823025140662
LGR4 cool 1000 0.09131197398216899 4.23689187786362 3.586436304513423e+45 0.0026095835018829353 0.00015334038107063047 1.0354355689150179 0.07335535337266376 0.003909865441558928 1.4178910327052636 0.08580164932165375 48.139700706480205 64.91716626828034 0.029256262429475974 1.08776673756908 0.013284903198125158 0.09277260686038352 389.50896146101564 385.0825095994741 22.43551370273425 18.67917719861356 27.727211647584333 0.08965010972274885 0.08476898378997827 0.07497050073755471 43.605678412495834 5.293077274022167 194611.42735759373 165252.00941169163 2216.1906653471156 4609.561580949383 10750.853597020165
LGR4 int 1000 0.004685458532928688 0.5125311272311294 1.1973669742276566e+45 0.0001447044855073531 2.0237369770657093e-05 0.052864500228761845 0.008774327246233818 0.001289916195966447 0.07810603755584683 0.01096210029131567 93.58596657488515 152.72987795638596 0.03078946624570152 1.1450517120531631 0.02211743724923541 0.1441269219536063 389.50896146101564 385.0825095994741 22.43551370273425 18.67917719861356 27.727211647584333 0.08965010972274885 0.08476898378997827 0.07497050073755471 43.605678412495834 5.293077274022167 194611.42735759373 165252.00941169163 2216.1906653471156 4609.561580949383 10750.853597020165
LGR4 hot 1000 0.0065835533364865684 1.8270020375244318 2.288535654459798e+46 0.00024539312935090585 7.821902844661804e-05 0.0749587572747 0.03197416345214429 0.025180970175028468 0.13385096337698202 0.042794288521026486 229.31915988422773 511.52437362740875 0.03666244525974892 1.3633249349018643 0.05636001185497536 0.3014539695544356 389.50896146101564 385.0825095994741 22.43551370273425 18.67917719861356 27.727211647584333 0.08965010972274885 0.08476898378997827 0.07497050073755471 43.605678412495834 5.293077274022167 194611.42735759373 165252.00941169163 2216.1906653471156 4609.561580949383 10750.853597020165
LGR8 cool 1000 0.012509151761224349 0.3548300372948768 2.095220843911368e+44 0.00027758599131678984 6.591536565996213e-06 3.8545827579405403 0.16325226198364778 0.006037747398760605 4.076634057233358 0.09467216983036884 22.04760786848057 37.94054365993796 0.02225818890506443 1.0252289398064007 0.002873954283996732 0.02742944463521106 513.907382333055 505.3035643558304 11.623414068088284 10.018881599742416 15.117583307356568 0.0030749974972345156 0.002890094236958763 0.002603961794996954 10.922672545517448 0.6876365383237064 9523.286913780808 8535.386090416665 8698.983739069876 9788.840919079601 16269.706516966611
