tables/table-mean.ecsv
# %ECSV 0.9
# ---
# datatype:
# - {name: model, datatype: string}
# - {name: phase, datatype: string}
# - {name: z, datatype: string}
# - {name: mass, unit: solMass / (kpc2 yr), datatype: float64}
# - {name: mom_kin, datatype: float64}
# - {name: energy, unit: erg / (kpc2 yr), datatype: float64}
# - {name: metal, unit: solMass / (kpc2 yr), datatype: float64}
# - {name: metal_sn, unit: solMass / (kpc2 yr), datatype: float64}
# - {name: mass_loading, datatype: float64}
# - {name: mom_kin_loading, datatype: float64}
# - {name: energy_loading, datatype: float64}
# - {name: metal_loading, datatype: float64}
# - {name: metal_sn_loading, datatype: float64}
# - {name: vout_flux, unit: km / s, datatype: float64}
# - {name: vB, unit: km / s, datatype: float64}
# - {name: Z, datatype: float64}
# - {name: enrichment, datatype: float64}
# - {name: fmass_sn, datatype: float64}
# - {name: fmetal_sn, datatype: float64}
# - {name: H, unit: pc, datatype: float64}
# - {name: H_2p, unit: pc, datatype: float64}
# - {name: v3, unit: km / s, datatype: float64}
# - {name: v3_2p, unit: km / s, datatype: float64}
# - {name: sigma_eff, unit: km / s, datatype: float64}
# - {name: sfr10, unit: solMass / (kpc2 yr), datatype: float64}
# - {name: sfr40, unit: solMass / (kpc2 yr), datatype: float64}
# - {name: sfr100, unit: solMass / (kpc2 yr), datatype: float64}
# - {name: surf, unit: solMass / pc2, datatype: float64}
# - {name: nmid_2p, unit: 1 / cm3, datatype: float64}
# - {name: Pmid_2p, unit: K / cm3, datatype: float64}
# - {name: W_2p, unit: K / cm3, datatype: float64}
# - {name: tdep10, unit: Myr, datatype: float64}
# - {name: tdep40, unit: Myr, datatype: float64}
# - {name: tdep100, unit: Myr, datatype: float64}
# meta: !!omap
# - __serialized_columns__:
#     H:
#       __class__: astropy.units.quantity.Quantity
#       unit: &id001 !astropy.units.Unit {unit: pc}
#       value: !astropy.table.SerializedColumn {name: H}
#     H_2p:
#       __class__: astropy.units.quantity.Quantity
#       unit: *id001
#       value: !astropy.table.SerializedColumn {name: H_2p}
#     Pmid_2p:
#       __class__: astropy.units.quantity.Quantity
#       unit: !astropy.units.Unit {unit: K / cm3}
#       value: !astropy.table.SerializedColumn {name: Pmid_2p}
#     W_2p:
#       __class__: astropy.units.quantity.Quantity
#       unit: !astropy.units.Unit {unit: K / cm3}
#       value: !astropy.table.SerializedColumn {name: W_2p}
#     Z:
#       __class__: astropy.units.quantity.Quantity
#       unit: !astropy.units.Unit {unit: ''}
#       value: !astropy.table.SerializedColumn {name: Z}
#     energy:
#       __class__: astropy.units.quantity.Quantity
#       unit: !astropy.units.Unit {unit: erg / (kpc2 yr)}
#       value: !astropy.table.SerializedColumn {name: energy}
#     energy_loading:
#       __class__: astropy.units.quantity.Quantity
#       unit: !astropy.units.Unit {unit: ''}
#       value: !astropy.table.SerializedColumn {name: energy_loading}
#     enrichment:
#       __class__: astropy.units.quantity.Quantity
#       unit: !astropy.units.Unit {unit: ''}
#       value: !astropy.table.SerializedColumn {name: enrichment}
#     fmass_sn:
#       __class__: astropy.units.quantity.Quantity
#       unit: !astropy.units.Unit {unit: ''}
#       value: !astropy.table.SerializedColumn {name: fmass_sn}
#     fmetal_sn:
[...]
#     surf:
#       __class__: astropy.units.quantity.Quantity
#       unit: !astropy.units.Unit {unit: solMass / pc2}
#       value: !astropy.table.SerializedColumn {name: surf}
#     tdep10:
#       __class__: astropy.units.quantity.Quantity
#       unit: &id002 !astropy.units.Unit {unit: Myr}
#       value: !astropy.table.SerializedColumn {name: tdep10}
#     tdep100:
#       __class__: astropy.units.quantity.Quantity
#       unit: *id002
#       value: !astropy.table.SerializedColumn {name: tdep100}
#     tdep40:
#       __class__: astropy.units.quantity.Quantity
#       unit: *id002
#       value: !astropy.table.SerializedColumn {name: tdep40}
#     v3:
#       __class__: astropy.units.quantity.Quantity
#       unit: !astropy.units.Unit {unit: km / s}
#       value: !astropy.table.SerializedColumn {name: v3}
#     v3_2p:
#       __class__: astropy.units.quantity.Quantity
#       unit: !astropy.units.Unit {unit: km / s}
#       value: !astropy.table.SerializedColumn {name: v3_2p}
#     vB:
#       __class__: astropy.units.quantity.Quantity
#       unit: !astropy.units.Unit {unit: km / s}
#       value: !astropy.table.SerializedColumn {name: vB}
#     vout_flux:
#       __class__: astropy.units.quantity.Quantity
#       unit: !astropy.units.Unit {unit: km / s}
#       value: !astropy.table.SerializedColumn {name: vout_flux}
# schema: astropy-2.0
model phase z mass mom_kin energy metal metal_sn mass_loading mom_kin_loading energy_loading metal_loading metal_sn_loading vout_flux vB Z enrichment fmass_sn fmetal_sn H H_2p v3 v3_2p sigma_eff sfr10 sfr40 sfr100 surf nmid_2p Pmid_2p W_2p tdep10 tdep40 tdep100
R2 cool H 0.7480445229865806 49.19881145913084 7.266944507483951e+46 0.029242456706582914 0.003246652617292418 0.6844016436798892 0.06852914714462 0.006360261497802431 1.2741998316428509 0.1424832528908695 68.75268075187867 100.6867888529721 0.03880760677780024 1.1390804604804934 0.02628472730602973 0.14015641817204405 273.066333873284 265.07361846132784 44.69307160027206 33.43396314862976 56.10530126768007 0.9955325599224909 0.9405596884786906 0.6206093593781595 90.47690296361246 28.579345569010037 2497604.8781580594 1958046.4442151026 1279.7100254621237 4670.208107679293 11621.029026396718
R2 int H 0.0633336433258369 9.16539300812357 2.815775811763122e+46 0.002594884971560907 0.0005612176023831048 0.05809283729814301 0.012828917061778926 0.0024796048134476576 0.11341158776511027 0.024695920138875744 140.5957169853348 205.845599707601 0.041675120095062905 1.2220618499459464 0.04357743889763945 0.21376673578982355 273.066333873284 265.07361846132784 44.69307160027206 33.43396314862976 56.10530126768007 0.9955325599224909 0.9405596884786906 0.6206093593781595 90.47690296361246 28.579345569010037 2497604.8781580594 1958046.4442151026 1279.7100254621237 4670.208107679293 11621.029026396718
R2 hot H 0.13193779182446055 79.42983179315799 2.771500702314002e+48 0.009634925127781715 0.006233315156773727 0.12055982094928051 0.11014605223878088 0.24193501245363042 0.42005559698288314 0.2720210661161127 582.3705751387861 1397.3213438509495 0.07220890944956446 2.1381968666957794 0.22814671922931878 0.6271379035774723 273.066333873284 265.07361846132784 44.69307160027206 33.43396314862976 56.10530126768007 0.9955325599224909 0.9405596884786906 0.6206093593781595 90.47690296361246 28.579345569010037 2497604.8781580594 1958046.4442151026 1279.7100254621237 4670.208107679293 11621.029026396718
R4 cool H 0.2671717547454151 11.78430383230852 1.051778880351794e+46 0.00826618147743109 0.00043442017979942354 2.1607576074535624 0.1438931878516488 0.008045692613307296 3.1953145841200845 0.16685369389298216 47.035748925575824 67.14822644445756 0.031936260462948375 1.0625795037474417 0.01095989168546172 0.0693608082017546 300.3239156099834 290.83586177942084 31.83518730349157 24.372303027001028 37.5187540173449 0.1404187177269351 0.1309376640557768 0.11569005204570054 32.9494737852447 7.48522922164953 372241.26409211784 295449.6087950561 880.7368704437375 1729.8360421080945 3966.283768592817
R4 int H 0.014467849614422998 1.6492709481245584 4.213860060832381e+45 0.0004824587825438279 7.262600992679366e-05 0.11674933380939957 0.02010759046568609 0.003224200005932944 0.1862266140281547 0.027947507376757136 107.44142257971076 164.28780246802626 0.03404059481564157 1.1323189467968855 0.02258371263616972 0.13426306618653314 300.3239156099834 290.83586177942084 31.83518730349157 24.372303027001028 37.5187540173449 0.1404187177269351 0.1309376640557768 0.11569005204570054 32.9494737852447 7.48522922164953 372241.26409211784 295449.6087950561 880.7368704437375 1729.8360421080945 3966.283768592817
R4 hot H 0.026373441893074244 11.055621391010183 2.2123874446660586e+47 0.0012807994752129126 0.0005910352400699157 0.21811838418160728 0.1382591082681053 0.1727733031899425 0.5041335398537837 0.23082706790174917 382.8275006794544 817.5364611645391 0.046439053532076474 1.5556504658820982 0.09537274665377722 0.3997940035791577 300.3239156099834 290.83586177942084 31.83518730349157 24.372303027001028 37.5187540173449 0.1404187177269351 0.1309376640557768 0.11569005204570054 32.9494737852447 7.48522922164953 372241.26409211784 295449.6087950561 880.7368704437375 1729.8360421080945 3966.283768592817
R8 cool H nan nan nan nan nan 6.281964723676794 0.18549684312138817 0.008111257374150955 6.6112365135785565 0.19278112785400792 nan nan nan nan nan nan 330.94505969950734 310.1049901600234 12.404373154355392 10.036805296303825 17.217055756047195 0.004270799490302867 0.004129668584254438 0.004011951007952602 10.298732224568708 1.29335588408967 19615.480002521246 18281.06505210203 6507.079618816314 4599.99812546632 7035.683337781747
R8 int H nan nan nan nan nan 0.24212279299118983 0.026389480399165968 0.004296211549714044 0.2733561569407133 0.026886779265682018 nan nan nan nan nan nan 330.94505969950734 310.1049901600234 12.404373154355392 10.036805296303825 17.217055756047195 0.004270799490302867 0.004129668584254438 0.004011951007952602 10.298732224568708 1.29335588408967 19615.480002521246 18281.06505210203 6507.079618816314 4599.99812546632 7035.683337781747
R8 hot H nan nan nan nan nan 0.2538571849064103 0.0992760594426029 0.10224981659407828 0.3835283245750996 0.13644957952147446 nan nan nan nan nan nan 330.94505969950734 310.1049901600234 12.404373154355392 10.036805296303825 17.217055756047195 0.004270799490302867 0.004129668584254438 0.004011951007952602 10.298732224568708 1.29335588408967 19615.480002521246 18281.06505210203 6507.079618816314 4599.99812546632 7035.683337781747
R16 cool H 0.0053523711479723035 0.046742335430445536 2.2279981861572498e+43 0.00010811810598454537 2.8152045352708777e-09 55.91330431922357 0.7427299426111211 0.022237767121078993 53.93386185387741 0.0012057470933788238 7.83584536651827 19.709067282812175 0.020184344071251324 0.99618629396723 8.01739774473255e-06 8.380421864437382e-05 699.9182716609296 690.8682583578351 6.481473496429894 6.039925062666125 9.793120365886242 5.159673927369734e-05 5.233796103970495e-05 4.5043603057153546e-05 2.4638073168589423 0.08742198503514179 636.0052315688696 636.1876487703312 nan nan nan
R16 int H 3.5154247880472736e-05 0.001465359245247489 3.680130018379916e+42 7.584360275308246e-07 5.107890711306277e-08 0.3650649996053999 0.02301515533646894 0.003599074672956843 0.37620605357116726 0.02547280879120873 36.241319660582135 95.88726347233943 0.021686260531141706 1.0705107510471232 0.00630247290699304 0.07193562920612032 699.9182716609296 690.8682583578351 6.481473496429894 6.039925062666125 9.793120365886242 5.159673927369734e-05 5.233796103970495e-05 4.5043603057153546e-05 2.4638073168589423 0.08742198503514179 636.0052315688696 636.1876487703312 nan nan nan
R16 hot H 1.3859309035627699e-05 0.0022474830217760486 5.816872497367525e+43 4.332037415479059e-07 1.6959765152842797e-07 0.142808349812257 0.03592882606596176 0.05967843451123509 0.21630523522048306 0.08699834093492487 125.25539537520214 541.7189070717103 0.03174040989292509 1.566843690090353 0.04882678113841074 0.3639636782453647 699.9182716609296 690.8682583578351 6.481473496429894 6.039925062666125 9.793120365886242 5.159673927369734e-05 5.233796103970495e-05 4.5043603057153546e-05 2.4638073168589423 0.08742198503514179 636.0052315688696 636.1876487703312 nan nan nan
LGR2 cool H 0.5548310962277281 25.484030575971445 2.8522616443591897e+46 0.018477601516754028 0.0014710463118818788 1.1612265244972648 0.08050345152891585 0.005645209936458462 1.853964921811159 0.14792486885960943 43.90425772887854 68.83832800003387 0.03476628751544185 1.077035393467941 0.01477853129800706 0.08374079645350009 316.4195074884766 310.7947123838118 31.236370310527494 24.90100852311839 40.40955604098313 0.4775937870021559 0.45150057069723776 0.4209752734788783 89.30191828067922 12.841425125428097 955678.7799601407 862162.107168869 1117.2415431195507 3598.931292196469 8715.823025140662
LGR2 int H 0.02544591216843043 3.1342164058468223 8.871027588616221e+45 0.0009634345647065816 0.00019231511153783605 0.054097606050925964 0.01009601559279421 0.001791503770139836 0.09818046790582488 0.01958443839490692 114.82262659751159 178.73953837455872 0.038391085079475924 1.192780139507574 0.0363145596107191 0.19042528305090536 316.4195074884766 310.7947123838118 31.236370310527494 24.90100852311839 40.40955604098313 0.4775937870021559 0.45150057069723776 0.4209752734788783 89.30191828067922 12.841425125428097 955678.7799601407 862162.107168869 1117.2415431195507 3598.931292196469 8715.823025140662
LGR2 hot H 0.05393535737030427 24.858456921804443 6.652835636981393e+47 0.003203988832826468 0.0017730601199209893 0.11572854870072691 0.08112749854155689 0.13718825403960555 0.3291717401764781 0.18194421792410811 422.33114692650275 1013.3500290645355 0.0569535583606841 1.7833928476001202 0.14677106556598796 0.505270901332148 316.4195074884766 310.7947123838118 31.236370310527494 24.90100852311839 40.40955604098313 0.4775937870021559 0.45150057069723776 0.4209752734788783 89.30191828067922 12.841425125428097 955678.7799601407 862162.107168869 1117.2415431195507 3598.931292196469 8715.823025140662
LGR4 cool H 0.4604204056613966 13.106509782732221 8.496065414385592e+45 0.011946944508739002 0.00020957610624197336 5.024732903735607 0.217051705146607 0.00884773942704858 6.247297505198061 0.1099047893882874 29.547167758008396 44.90641479822286 0.027610558313764254 1.0257828608313981 0.004566233833665298 0.03187053194734559 389.50896146101564 385.0825095994741 22.43551370273425 18.67917719861356 27.727211647584333 0.08965010972274885 0.08476898378997827 0.07497050073755471 43.605678412495834 5.293077274022167 194611.42735759373 165252.00941169163 2216.1906653471156 4609.561580949383 10750.853597020165
LGR4 int H 0.010151873779152908 1.021304179752053 2.5210929431282185e+45 0.00030367560979774013 3.750545338825346e-05 0.11316149151394356 0.017196467974293275 0.0026600860465748662 0.1620599816567055 0.019968629414801937 91.96517935979253 152.4968061687653 0.030048652107398845 1.1177180471932562 0.018108871945538375 0.1208050339361326 389.50896146101564 385.0825095994741 22.43551370273425 18.67917719861356 27.727211647584333 0.08965010972274885 0.08476898378997827 0.07497050073755471 43.605678412495834 5.293077274022167 194611.42735759373 165252.00941169163 2216.1906653471156 4609.561580949383 10750.853597020165
LGR4 hot H 0.01511666988717949 5.411982856523444 1.0540528639205353e+47 0.0006500673241202685 0.00028128122528373387 0.16923210591883853 0.09171623337238856 0.11303940893548664 0.3484949473191721 0.15078837340553947 313.33715355946657 736.3429624627884 0.04072022966268946 1.519343872368094 0.07971452822712044 0.38383208741920627 389.50896146101564 385.0825095994741 22.43551370273425 18.67917719861356 27.727211647584333 0.08965010972274885 0.08476898378997827 0.07497050073755471 43.605678412495834 5.293077274022167 194611.42735759373 165252.00941169163 2216.1906653471156 4609.561580949383 10750.853597020165
LGR8 cool H 0.04130564847976679 0.7425584515365998 3.739873197009629e+44 0.0009016189957116534 8.193530055256032e-06 12.487992733048081 0.33878289055277283 0.010704295291926088 13.016602968244761 0.11739531451864016 13.058554049164535 26.580342425452784 0.021980962385516698 1.0112877737224197 0.0013467598559043234 0.01248000428707396 513.907382333055 505.3035643558304 11.623414068088284 10.018881599742416 15.117583307356568 0.0030749974972345156 0.002890094236958763 0.002603961794996954 10.922672545517448 0.6876365383237064 9523.286913780808 8535.386090416665 8698.983739069876 9788.840919079601 16269.706516966611
LGR8 int H 0.0007644086385363942 0.057311684847532504 1.3833924765952024e+44 1.7964891089778516e-05 1.514298246840507e-06 0.2303614021515793 0.026339202554028683 0.003996659308390651 0.25864190197731507 0.0217947018188075 51.16659424242639 119.35445903291752 0.024300838777132537 1.1176078425102836 0.013805562841911978 0.11107320486729523 513.907382333055 505.3035643558304 11.623414068088284 10.018881599742416 15.117583307356568 0.0030749974972345156 0.002890094236958763 0.002603961794996954 10.922672545517448 0.6876365383237064 9523.286913780808 8535.386090416665 8698.983739069876 9788.840919079601 16269.706516966611
LGR8 hot H 0.0009375080783242112 0.24987641675553918 3.490549175404597e+45 2.8549240213525666e-05 9.071161613227363e-06 0.278234039192378 0.11241228809475706 0.0985221545229379 0.40415845259088307 0.128058130589578 165.91569278861104 467.50521920284814 0.029451914306673335 1.3559206904804988 0.03925342902773256 0.2873076624054826 513.907382333055 505.3035643558304 11.623414068088284 10.018881599742416 15.117583307356568 0.0030749974972345156 0.002890094236958763 0.002603961794996954 10.922672545517448 0.6876365383237064 9523.286913780808 8535.386090416665 8698.983739069876 9788.840919079601 16269.706516966611
R2 cool 2H 0.30675512408231925 29.720966935052356 5.33268115988574e+46 0.012331318302629424 0.002632144841356919 0.2726346538863561 0.04046995215251145 0.004572517981297282 0.5248289441946149 0.11350187701395843 96.6849392249041 129.82489373197697 0.041605479656745215 1.218423405981662 0.04321588459057251 0.21101349672900174 273.066333873284 265.07361846132784 44.69307160027206 33.43396314862976 56.10530126768007 0.9955325599224909 0.9405596884786906 0.6206093593781595 90.47690296361246 28.579345569010037 2497604.8781580594 1958046.4442151026 1279.7100254621237 4670.208107679293 11621.029026396718
R2 int 2H 0.04275024498405631 7.145191769270799 2.213840400253663e+46 0.0018394671097335842 0.00048799351593500966 0.03856515914761232 0.009738601064701254 0.0018848424610339789 0.07916196485642721 0.021194466104745683 158.37857365888195 219.01140590228653 0.043736995178722295 1.2826907109953765 0.05608919950149033 0.2601878152507558 273.066333873284 265.07361846132784 44.69307160027206 33.43396314862976 56.10530126768007 0.9955325599224909 0.9405596884786906 0.6206093593781595 90.47690296361246 28.579345569010037 2497604.8781580594 1958046.4442151026 1279.7100254621237 4670.208107679293 11621.029026396718
R2 hot 2H 0.08634609070927927 42.25974682543168 1.1254848427176375e+48 0.005482088776539606 0.0030381183144327756 0.07864104810995322 0.058446416940608786 0.09869534816763485 0.23866202969825395 0.13268143903981902 447.9949750506027 1043.1071858127605 0.06142321034050767 1.8021589962091014 0.1635021682340279 0.5279129898223902 273.066333873284 265.07361846132784 44.69307160027206 33.43396314862976 56.10530126768007 0.9955325599224909 0.9405596884786906 0.6206093593781595 90.47690296361246 28.579345569010037 2497604.8781580594 1958046.4442151026 1279.7100254621237 4670.208107679293 11621.029026396718
R4 cool 2H 0.08059656562480126 5.269885781181803 5.969207373114167e+45 0.0026484987459911027 0.0003592047742387486 0.6735613271224447 0.06675073802382187 0.0047444051793823355 1.058503209988594 0.14276566186931644 63.00579542336202 83.52792355104377 0.033841461103939194 1.1255669149162015 0.021413257712945923 0.1275268203615036 300.3239156099834 290.83586177942084 31.83518730349157 24.372303027001028 37.5187540173449 0.1404187177269351 0.1309376640557768 0.11569005204570054 32.9494737852447 7.48522922164953 372241.26409211784 295449.6087950561 880.7368704437375 1729.8360421080945 3966.283768592817
R4 int 2H 0.010125144351243495 1.2470337731273806 3.097018848777287e+45 0.00035315308073544316 6.470537945862137e-05 0.08478303209980877 0.015794599766071685 0.002460288443868542 0.1413577960949125 0.02568378576111008 115.27933114952364 167.64877980738353 0.035230528886671934 1.1725301959772914 0.02957980351626786 0.16928444068083284 300.3239156099834 290.83586177942084 31.83518730349157 24.372303027001028 37.5187540173449 0.1404187177269351 0.1309376640557768 0.11569005204570054 32.9494737852447 7.48522922164953 372241.26409211784 295449.6087950561 880.7368704437375 1729.8360421080945 3966.283768592817
R4 hot 2H 0.01711914078738982 5.974607289143345 9.53236284856776e+46 0.0007662770648094148 0.00030052730441766185 0.14262754712749912 0.07549193659543223 0.07528171560620844 0.3047129639287028 0.11880566650816174 316.2296560268074 661.0899082399183 0.043113143225413895 1.4388894942327652 0.07593638011119037 0.3470735588541438 300.3239156099834 290.83586177942084 31.83518730349157 24.372303027001028 37.5187540173449 0.1404187177269351 0.1309376640557768 0.11569005204570054 32.9494737852447 7.48522922164953 372241.26409211784 295449.6087950561 880.7368704437375 1729.8360421080945 3966.283768592817
