tables/table-mean.ecsv
# %ECSV 0.9
# ---
# datatype:
# - {name: model, datatype: string}
# - {name: phase, datatype: string}
# - {name: z, datatype: string}
# - {name: mass, unit: solMass / (kpc2 yr), datatype: float64}
# - {name: mom, unit: km solMass / (kpc2 s yr), datatype: float64}
# - {name: energy, unit: erg / (kpc2 yr), datatype: float64}
# - {name: metal, unit: solMass / (kpc2 yr), datatype: float64}
# - {name: metal_sn, unit: solMass / (kpc2 yr), datatype: float64}
# - {name: mass_loading, datatype: float64}
# - {name: mom_loading, datatype: float64}
# - {name: energy_loading, datatype: float64}
# - {name: metal_loading, datatype: float64}
# - {name: metal_sn_loading, datatype: float64}
# - {name: vout_flux, unit: km / s, datatype: float64}
# - {name: vB, unit: km / s, datatype: float64}
# - {name: Z, datatype: float64}
# - {name: enrichment, datatype: float64}
# - {name: fmass_sn, datatype: float64}
# - {name: fmetal_sn, datatype: float64}
# - {name: H, unit: pc, datatype: float64}
# - {name: H_2p, unit: pc, datatype: float64}
# - {name: v3, unit: km / s, datatype: float64}
# - {name: v3_2p, unit: km / s, datatype: float64}
# - {name: sigma_eff, unit: km / s, datatype: float64}
# - {name: sfr10, unit: solMass / (kpc2 yr), datatype: float64}
# - {name: sfr40, unit: solMass / (kpc2 yr), datatype: float64}
# - {name: sfr100, unit: solMass / (kpc2 yr), datatype: float64}
# - {name: surf, unit: solMass / pc2, datatype: float64}
# - {name: nmid, unit: 1 / cm3, datatype: float64}
# - {name: Pmid, unit: K / cm3, datatype: float64}
# - {name: W, unit: K / cm3, datatype: float64}
# - {name: nmid_2p, unit: 1 / cm3, datatype: float64}
# - {name: Pmid_2p, unit: K / cm3, datatype: float64}
# - {name: W_2p, unit: K / cm3, datatype: float64}
# - {name: tdep10, unit: Myr, datatype: float64}
# - {name: tdep40, unit: Myr, datatype: float64}
# - {name: tdep100, unit: Myr, datatype: float64}
# meta: !!omap
# - __serialized_columns__:
#     H:
#       __class__: astropy.units.quantity.Quantity
#       unit: &id001 !astropy.units.Unit {unit: pc}
#       value: !astropy.table.SerializedColumn {name: H}
#     H_2p:
#       __class__: astropy.units.quantity.Quantity
#       unit: *id001
#       value: !astropy.table.SerializedColumn {name: H_2p}
#     Pmid:
#       __class__: astropy.units.quantity.Quantity
#       unit: !astropy.units.Unit {unit: K / cm3}
#       value: !astropy.table.SerializedColumn {name: Pmid}
#     Pmid_2p:
#       __class__: astropy.units.quantity.Quantity
#       unit: !astropy.units.Unit {unit: K / cm3}
#       value: !astropy.table.SerializedColumn {name: Pmid_2p}
#     W:
#       __class__: astropy.units.quantity.Quantity
#       unit: !astropy.units.Unit {unit: K / cm3}
#       value: !astropy.table.SerializedColumn {name: W}
#     W_2p:
#       __class__: astropy.units.quantity.Quantity
#       unit: !astropy.units.Unit {unit: K / cm3}
#       value: !astropy.table.SerializedColumn {name: W_2p}
#     Z:
#       __class__: astropy.units.quantity.Quantity
#       unit: !astropy.units.Unit {unit: ''}
#       value: !astropy.table.SerializedColumn {name: Z}
#     energy:
#       __class__: astropy.units.quantity.Quantity
#       unit: !astropy.units.Unit {unit: erg / (kpc2 yr)}
#       value: !astropy.table.SerializedColumn {name: energy}
#     energy_loading:
[...]
#     surf:
#       __class__: astropy.units.quantity.Quantity
#       unit: !astropy.units.Unit {unit: solMass / pc2}
#       value: !astropy.table.SerializedColumn {name: surf}
#     tdep10:
#       __class__: astropy.units.quantity.Quantity
#       unit: &id002 !astropy.units.Unit {unit: Myr}
#       value: !astropy.table.SerializedColumn {name: tdep10}
#     tdep100:
#       __class__: astropy.units.quantity.Quantity
#       unit: *id002
#       value: !astropy.table.SerializedColumn {name: tdep100}
#     tdep40:
#       __class__: astropy.units.quantity.Quantity
#       unit: *id002
#       value: !astropy.table.SerializedColumn {name: tdep40}
#     v3:
#       __class__: astropy.units.quantity.Quantity
#       unit: !astropy.units.Unit {unit: km / s}
#       value: !astropy.table.SerializedColumn {name: v3}
#     v3_2p:
#       __class__: astropy.units.quantity.Quantity
#       unit: !astropy.units.Unit {unit: km / s}
#       value: !astropy.table.SerializedColumn {name: v3_2p}
#     vB:
#       __class__: astropy.units.quantity.Quantity
#       unit: !astropy.units.Unit {unit: km / s}
#       value: !astropy.table.SerializedColumn {name: vB}
#     vout_flux:
#       __class__: astropy.units.quantity.Quantity
#       unit: !astropy.units.Unit {unit: km / s}
#       value: !astropy.table.SerializedColumn {name: vout_flux}
# schema: astropy-2.0
model phase z mass mom energy metal metal_sn mass_loading mom_loading energy_loading metal_loading metal_sn_loading vout_flux vB Z enrichment fmass_sn fmetal_sn H H_2p v3 v3_2p sigma_eff sfr10 sfr40 sfr100 surf nmid Pmid W nmid_2p Pmid_2p W_2p tdep10 tdep40 tdep100
R2 cool H 0.747412260046841 54.3154124616011 7.296920655496038e+46 0.02918966400971665 0.0032312162031896134 0.6886909998732677 0.019008194404554795 0.006421066762710542 1.2843005305690727 0.1421685663376736 69.09890086955642 100.98769145373642 0.03876797285751635 1.1393916894857012 0.026344192995354856 0.14041092142518974 273.2994663468055 265.27609862928944 44.751524309354274 33.48573162381315 56.15299548977673 1.0128490233250682 0.9462298569908225 0.6209404312811817 90.4520295097832 8.666028462054959 1931547.6181467553 1999669.1099207122 28.33548791620517 2504334.718900553 1953626.727787721 1522.9744654874164 5654.344679684638 14081.90350080876
R2 int H 0.06317621423953475 10.333691194754397 2.828557896357906e+46 0.002585546017602583 0.0005614009141121424 0.058212705997231315 0.0036163733688921625 0.002489044345168578 0.11376006661509988 0.024700780783779425 141.07706934800828 206.30365867001638 0.04163854765353476 1.2224071306519897 0.04364811472867233 0.21410396294832248 273.2994663468055 265.27609862928944 44.751524309354274 33.48573162381315 56.15299548977673 1.0128490233250682 0.9462298569908225 0.6209404312811817 90.4520295097832 8.666028462054959 1931547.6181467553 1999669.1099207122 28.33548791620517 2504334.718900553 1953626.727787721 1522.9744654874164 5654.344679684638 14081.90350080876
R2 hot H 0.13149692690057282 149.49426684103415 2.76633907478249e+48 0.009607329986206553 0.0062210395824229365 0.12116572728114194 0.052316938373425395 0.24342936871725895 0.4227078117284917 0.2737162179645979 583.2328865958061 1397.950618573625 0.0722261488902851 2.13926659061664 0.22854312287225664 0.6276854422389476 273.2994663468055 265.27609862928944 44.751524309354274 33.48573162381315 56.15299548977673 1.0128490233250682 0.9462298569908225 0.6209404312811817 90.4520295097832 8.666028462054959 1931547.6181467553 1999669.1099207122 28.33548791620517 2504334.718900553 1953626.727787721 1522.9744654874164 5654.344679684638 14081.90350080876
R4 cool H 0.2697484227471786 12.90566670735329 1.0509748361003204e+46 0.008344294992409651 0.0004396063407539107 2.208043724268108 0.04012202031433768 0.008215697578656261 3.2614579250587172 0.1718248917688212 46.8797412974766 66.98131127802715 0.03193440171586225 1.0627103950222425 0.010970633202134516 0.06939322006783354 298.6480565109715 289.15013299682505 31.88679896065182 24.44298216752751 37.55609910925201 0.13824136890042807 0.12935114507403772 0.11567460051321496 32.905142705320486 2.4129019685679367 280233.7596762385 300982.0169147311 7.465778141227856 371940.8003731755 294911.95313509007 942.6136538926158 1986.4281413235456 4600.777384861967
R4 int H 0.014369929665245468 1.90894782670879 4.1819620589903083e+45 0.000479317720819545 7.23430022948065e-05 0.11762601868948741 0.005934667709850395 0.0032691301810388374 0.18734651406859562 0.028276044695395196 107.30196232104679 164.158061857431 0.0340443591383809 1.1326919437362073 0.022649972916837985 0.13461691470527765 298.6480565109715 289.15013299682505 31.88679896065182 24.44298216752751 37.55609910925201 0.13824136890042807 0.12935114507403772 0.11567460051321496 32.905142705320486 2.4129019685679367 280233.7596762385 300982.0169147311 7.465778141227856 371940.8003731755 294911.95313509007 942.6136538926158 1986.4281413235456 4600.777384861967
R4 hot H 0.02662691152694328 18.651642171045804 2.237909811957015e+47 0.0012928309983893903 0.0005967175739054739 0.21795636206115393 0.05798550226437141 0.17494224972662722 0.5053169751661684 0.2332335160976622 383.29587092683386 819.4516754913715 0.04646878686511925 1.5568605502118267 0.09559198820101114 0.40071653119295536 298.6480565109715 289.15013299682505 31.88679896065182 24.44298216752751 37.55609910925201 0.13824136890042807 0.12935114507403772 0.11567460051321496 32.905142705320486 2.4129019685679367 280233.7596762385 300982.0169147311 7.465778141227856 371940.8003731755 294911.95313509007 942.6136538926158 1986.4281413235456 4600.777384861967
R8 cool H 0.03268998173852916 0.7898208790066849 4.398026283063395e+44 0.0007202263034435783 2.09681743227397e-05 6.396228354960517 0.05869369969837718 0.008218082075933525 6.729017170428098 0.1959039879210664 19.58744152530703 37.361207743944604 0.02221462755273763 1.0290140720161565 0.003515692018210724 0.0315222874295984 332.96636292730267 311.9689860579425 12.434523571750397 10.046697584271424 17.262237875700134 0.004200935249205114 0.004111178080770648 0.00402392332819 10.272284915092412 0.8641092100822654 18027.45592379986 18529.103824592898 1.287742104045569 19556.630874236376 18257.742458109664 6496.675724684511 4564.2691416241405 6896.43010944448
R8 int H 0.0012521904317968264 0.12223568376244946 2.3165912983639588e+44 2.958311568662075e-05 2.8984388214205796e-06 0.2450076604426235 0.009083660239777335 0.0043287457147909 0.2763927010972134 0.027079883785863918 69.13961173419816 134.40571427446588 0.023711219340433378 1.098417194128875 0.011903724561552257 0.09999734304606964 332.96636292730267 311.9689860579425 12.434523571750397 10.046697584271424 17.262237875700134 0.004200935249205114 0.004111178080770648 0.00402392332819 10.272284915092412 0.8641092100822654 18027.45592379986 18529.103824592898 1.287742104045569 19556.630874236376 18257.742458109664 6496.675724684511 4564.2691416241405 6896.43010944448
R8 hot H 0.0013117945632705617 0.6600707071156944 5.507252910598105e+45 4.144176577066189e-05 1.4713540758917956e-05 0.25666999904086624 0.04905161776916781 0.10290765338649668 0.38718712731031085 0.13746744312332487 242.14178330385425 596.3097865659771 0.0311940844994749 1.4435138055244068 0.05387128311560455 0.33592129977917445 332.96636292730267 311.9689860579425 12.434523571750397 10.046697584271424 17.262237875700134 0.004200935249205114 0.004111178080770648 0.00402392332819 10.272284915092412 0.8641092100822654 18027.45592379986 18529.103824592898 1.287742104045569 19556.630874236376 18257.742458109664 6496.675724684511 4564.2691416241405 6896.43010944448
R16 cool H 0.005474836722855782 0.08441791078007578 2.271628457969288e+43 0.00011058801874677368 3.3165764972120976e-09 56.42163131824557 0.3063005092031376 0.022357083013261066 54.41967207973577 0.001632066542569347 7.912070099340447 19.73912411926335 0.020185083456124242 0.9963471044099125 9.251191448153676e-06 9.973824060289581e-05 695.3024099341668 686.2676552613524 6.471892034919495 6.0298505528203785 9.82063877636572 5.208397959122486e-05 5.309945962125398e-05 4.533347805825226e-05 2.4637463644607505 0.07341970013708972 668.0876682894535 636.8055233870949 0.0884320941623626 647.1932709434409 633.9492602061046 1305096.8456818634 38680.4593262995 73376.0603463971
R16 int H 3.636199394749257e-05 0.003467048763462814 3.8159227930552146e+42 7.845652443165505e-07 5.303759235871266e-08 0.3747331875555087 0.011183664537732195 0.0037555834607211932 0.3860796477295609 0.02609946734527286 36.39911910637963 96.07130419889181 0.021668435441287257 1.0697863904167273 0.0063168977134792715 0.07136641452936966 695.3024099341668 686.2676552613524 6.471892034919495 6.0298505528203785 9.82063877636572 5.208397959122486e-05 5.309945962125398e-05 4.533347805825226e-05 2.4637463644607505 0.07341970013708972 668.0876682894535 636.8055233870949 0.0884320941623626 647.1932709434409 633.9492602061046 1305096.8456818634 38680.4593262995 73376.0603463971
R16 hot H 1.4268156634858112e-05 0.011296891956189204 6.058136871476496e+43 4.479187988067285e-07 1.7685750508957134e-07 0.14704231632738504 0.03607617014019021 0.05962342497785739 0.2204180382797792 0.08703047166305672 125.51433616216123 543.3137275303517 0.031706166659298575 1.5654323480063614 0.04970952575563317 0.3632428299115689 695.3024099341668 686.2676552613524 6.471892034919495 6.0298505528203785 9.82063877636572 5.208397959122486e-05 5.309945962125398e-05 4.533347805825226e-05 2.4637463644607505 0.07341970013708972 668.0876682894535 636.8055233870949 0.0884320941623626 647.1932709434409 633.9492602061046 1305096.8456818634 38680.4593262995 73376.0603463971
LGR2 cool H 0.5512944875090979 28.51377148496767 2.828763078643513e+46 0.01841277431898244 0.0014725409350029466 1.1609685303949555 0.02280578657837948 0.005689010618041667 1.8515242474553115 0.14807357105972205 43.723536525099384 68.63163973717471 0.034845289268708994 1.0777251161930692 0.014931754578495719 0.08454686750714485 318.3247224506862 312.6984253821342 31.206083271438622 24.836350056841482 40.39249692378447 0.46852893468979406 0.4503531290710355 0.42203918343587526 89.17180741689104 5.208660714823166 824353.860416033 874709.9767106301 12.887125589143343 946489.149131748 862734.4004296429 1152.7970393476874 3725.099728407203 9030.080360849905
LGR2 int H 0.025525784091337187 3.6283209799109155 8.889753582808851e+45 0.0009684814351819824 0.0001935321652458191 0.05375463153567196 0.0029019911992115366 0.001787845115280046 0.0973871090464143 0.019460918295498057 114.60132460968448 178.5084809869566 0.038455989506450086 1.1927582017699483 0.03637953724035145 0.19044713164081745 318.3247224506862 312.6984253821342 31.206083271438622 24.836350056841482 40.39249692378447 0.46852893468979406 0.4503531290710355 0.42203918343587526 89.17180741689104 5.208660714823166 824353.860416033 874709.9767106301 12.887125589143343 946489.149131748 862734.4004296429 1152.7970393476874 3725.099728407203 9030.080360849905
LGR2 hot H 0.05435573831007712 47.51146476429583 6.713202657084887e+47 0.0032333390168010684 0.0017878800096639844 0.11446749977405062 0.03800045623610201 0.13501124037413395 0.3251332735707661 0.1797829665473488 422.51000780719056 1014.9894044681861 0.05704530723651736 1.7827685580615555 0.14704342588347918 0.5053505335100644 318.3247224506862 312.6984253821342 31.206083271438622 24.836350056841482 40.39249692378447 0.46852893468979406 0.4503531290710355 0.42203918343587526 89.17180741689104 5.208660714823166 824353.860416033 874709.9767106301 12.887125589143343 946489.149131748 862734.4004296429 1152.7970393476874 3725.099728407203 9030.080360849905
LGR4 cool H 0.4583816784840531 14.777986023262867 8.443523841765286e+45 0.011912982699777926 0.0002069662175329456 5.101961589170514 0.062471046144213886 0.008975053368119346 6.331459323601299 0.10999748935200679 29.447915582732545 44.78771608686222 0.0276418638057043 1.02533536876066 0.004525517977296321 0.03152119986838676 387.3250260421575 382.9179945089562 22.58755117255205 18.804617172038505 27.852966334259506 0.08887609150098501 0.08433438389718234 0.07486230009272679 43.47297442039376 2.1630342696230036 162340.85135458564 166252.7919580142 5.204134658181372 195447.94867745842 164130.98083385068 2222.810732191973 4783.959151098817 11184.037791737986
LGR4 int H 0.01010511968369151 1.2212948813931954 2.512950634991877e+45 0.0003026965742923144 3.730292000561911e-05 0.11247380709165625 0.00516278529233316 0.002671143764519313 0.16087583570158082 0.019825590838097443 91.87675685728297 152.78683363999187 0.030088934087427483 1.117453579043061 0.018106839694978765 0.12061157607333152 387.3250260421575 382.9179945089562 22.58755117255205 18.804617172038505 27.852966334259506 0.08887609150098501 0.08433438389718234 0.07486230009272679 43.47297442039376 2.1630342696230036 162340.85135458564 166252.7919580142 5.204134658181372 195447.94867745842 164130.98083385068 2222.810732191973 4783.959151098817 11184.037791737986
LGR4 hot H 0.015076414943486756 9.735931258250035 1.0455307800594155e+47 0.0006478927999222875 0.00027930257529265254 0.16780620507881358 0.04115674557640049 0.11113481438435613 0.3443391980111404 0.14844249664489859 313.0880410172276 738.5468336390893 0.04076731046354346 1.5184602868531407 0.07977197443912326 0.3839087529396798 387.3250260421575 382.9179945089562 22.58755117255205 18.804617172038505 27.852966334259506 0.08887609150098501 0.08433438389718234 0.07486230009272679 43.47297442039376 2.1630342696230036 162340.85135458564 166252.7919580142 5.204134658181372 195447.94867745842 164130.98083385068 2222.810732191973 4783.959151098817 11184.037791737986
LGR8 cool H 0.03955105161897031 0.8825653951870108 3.554452178122743e+44 0.0008635128557573635 7.842911308389232e-06 12.503252405201422 0.10424669958047163 0.01073102014597044 13.034883277471327 0.11839016961797187 12.762519841887341 26.32954149869367 0.02198683912395311 1.011525111238141 0.001375933060588594 0.012742086163409192 521.1116704383827 512.7009491938508 11.564050064308818 10.003416493000904 15.036975303727356 0.0029805199945048483 0.002833776994317071 0.0026050953685872675 10.907142964847779 0.37809175762066355 8930.046710549703 8615.046005973403 0.680429252700919 9422.514268629386 8555.704795893773 8922.35619104418 9669.105159656954 15550.457006722978
LGR8 int H 0.0007280133890442609 0.0753239143378571 1.3249985891053945e+44 1.7120981668084937e-05 1.4444691887760943e-06 0.2301464761361881 0.008861788134321973 0.0040002188355736535 0.25844432558387004 0.021804524562736394 50.327449002109525 119.18237506298581 0.024372842382121913 1.1208713523229565 0.014219644854237636 0.11332981667729992 521.1116704383827 512.7009491938508 11.564050064308818 10.003416493000904 15.036975303727356 0.0029805199945048483 0.002833776994317071 0.0026050953685872675 10.907142964847779 0.37809175762066355 8930.046710549703 8615.046005973403 0.680429252700919 9422.514268629386 8555.704795893773 8922.35619104418 9669.105159656954 15550.457006722978
LGR8 hot H 0.0008817103611278858 0.4642976802914309 3.2704818044180354e+45 2.6829414508946383e-05 8.503228697177933e-06 0.27873461620362 0.052858906740985624 0.09873703280142365 0.40499488130988337 0.12835778044340226 161.3548993365023 464.34125072616996 0.02950004062189424 1.3581753557603917 0.0393353971828501 0.2872943503769615 521.1116704383827 512.7009491938508 11.564050064308818 10.003416493000904 15.036975303727356 0.0029805199945048483 0.002833776994317071 0.0026050953685872675 10.907142964847779 0.37809175762066355 8930.046710549703 8615.046005973403 0.680429252700919 9422.514268629386 8555.704795893773 8922.35619104418 9669.105159656954 15550.457006722978
R2 cool 2H 0.3016611508197475 31.538727285437993 5.288274671596822e+46 0.012168073603449464 0.0026135641869820913 0.27796081317685706 0.011037277125303271 0.0046535197967787195 0.5353766106972525 0.11499282317535696 97.10432607715514 130.25219143738224 0.041612438504305134 1.2200774245638373 0.0435499348354541 0.21239018543042837 273.2994663468055 265.27609862928944 44.751524309354274 33.48573162381315 56.15299548977673 1.0128490233250682 0.9462298569908225 0.6209404312811817 90.4520295097832 8.666028462054959 1931547.6181467553 1999669.1099207122 28.33548791620517 2504334.718900553 1953626.727787721 1522.9744654874164 5654.344679684638 14081.90350080876
R2 int 2H 0.04257267730227714 7.813584448149962 2.1936542799479007e+46 0.0018330157509758491 0.00048812670296322487 0.03922790843268979 0.0027344380803853764 0.0019303486019464835 0.08064988691668748 0.02147682766721532 158.24034800983802 218.79843578994488 0.04370998007674855 1.2832092484765787 0.056219440560083385 0.2606797936905562 273.2994663468055 265.27609862928944 44.751524309354274 33.48573162381315 56.15299548977673 1.0128490233250682 0.9462298569908225 0.6209404312811817 90.4520295097832 8.666028462054959 1931547.6181467553 1999669.1099207122 28.33548791620517 2504334.718900553 1953626.727787721 1522.9744654874164 5654.344679684638 14081.90350080876
