tables/table-mean.ecsv
# %ECSV 0.9
# ---
# datatype:
# - name: model
#   datatype: string
# - name: phase
#   datatype: string
# - name: z
#   datatype: string
# - name: mass
#   unit: solMass / (kpc2 yr)
#   datatype: float64
# - name: mom
#   unit: km solMass / (kpc2 s yr)
#   datatype: float64
# - name: energy
#   unit: erg / (kpc2 yr)
#   datatype: float64
# - name: metal
#   unit: solMass / (kpc2 yr)
#   datatype: float64
# - name: metal_sn
#   unit: solMass / (kpc2 yr)
#   datatype: float64
# - name: mass_loading
#   datatype: float64
# - name: mom_loading
#   datatype: float64
# - name: energy_loading
#   datatype: float64
# - name: metal_loading
#   datatype: float64
# - name: metal_sn_loading
#   datatype: float64
# - name: vout
#   unit: km / s
#   datatype: float64
# - name: vB
#   unit: km / s
#   datatype: float64
# - name: Z
#   datatype: float64
# - name: enrichment
#   datatype: float64
# - name: fmass_sn
#   datatype: float64
# - name: fmetal_sn
#   datatype: float64
# - name: H
#   unit: pc
#   datatype: float64
# - name: H_2p
#   unit: pc
#   datatype: float64
# - name: v3
#   unit: km / s
#   datatype: float64
# - name: v3_2p
#   unit: km / s
#   datatype: float64
# - name: sfr10
#   unit: solMass / (kpc2 yr)
#   datatype: float64
# - name: sfr40
#   unit: solMass / (kpc2 yr)
#   datatype: float64
# - name: sfr100
#   unit: solMass / (kpc2 yr)
#   datatype: float64
# - name: surf
#   unit: solMass / pc2
#   datatype: float64
# - name: nmid
#   unit: 1 / cm3
#   datatype: float64
# - name: Pmid
#   unit: K / cm3
#   datatype: float64
# - name: W
#   unit: K / cm3
#   datatype: float64
# - name: nmid_2p
#   unit: 1 / cm3
#   datatype: float64
# - name: Pmid_2p
#   unit: K / cm3
#   datatype: float64
# - name: W_2p
#   unit: K / cm3
#   datatype: float64
# - name: tdep10
#   unit: Myr
#   datatype: float64
# - name: tdep40
#   unit: Myr
#   datatype: float64
# - name: tdep100
#   unit: Myr
#   datatype: float64
# meta: !!omap
# - __serialized_columns__:
#     H:
#       __class__: astropy.units.quantity.Quantity
#       unit: &id001 !astropy.units.Unit
#         unit: pc
#       value: !astropy.table.SerializedColumn
#         name: H
#     H_2p:
#       __class__: astropy.units.quantity.Quantity
#       unit: *id001
#       value: !astropy.table.SerializedColumn
#         name: H_2p
#     Pmid:
#       __class__: astropy.units.quantity.Quantity
#       unit: !astropy.units.Unit
#         unit: K / cm3
#       value: !astropy.table.SerializedColumn
#         name: Pmid
#     Pmid_2p:
#       __class__: astropy.units.quantity.Quantity
#       unit: !astropy.units.Unit
#         unit: K / cm3
#       value: !astropy.table.SerializedColumn
#         name: Pmid_2p
#     W:
#       __class__: astropy.units.quantity.Quantity
#       unit: !astropy.units.Unit
#         unit: K / cm3
#       value: !astropy.table.SerializedColumn
#         name: W
#     W_2p:
#       __class__: astropy.units.quantity.Quantity
#       unit: !astropy.units.Unit
#         unit: K / cm3
#       value: !astropy.table.SerializedColumn
#         name: W_2p
#     energy:
#       __class__: astropy.units.quantity.Quantity
#       unit: !astropy.units.Unit
#         unit: erg / (kpc2 yr)
#       value: !astropy.table.SerializedColumn
#         name: energy
#     mass:
[...]
#       unit: !astropy.units.Unit
#         unit: solMass / pc2
#       value: !astropy.table.SerializedColumn
#         name: surf
#     tdep10:
#       __class__: astropy.units.quantity.Quantity
#       unit: &id002 !astropy.units.Unit
#         unit: Myr
#       value: !astropy.table.SerializedColumn
#         name: tdep10
#     tdep100:
#       __class__: astropy.units.quantity.Quantity
#       unit: *id002
#       value: !astropy.table.SerializedColumn
#         name: tdep100
#     tdep40:
#       __class__: astropy.units.quantity.Quantity
#       unit: *id002
#       value: !astropy.table.SerializedColumn
#         name: tdep40
#     v3:
#       __class__: astropy.units.quantity.Quantity
#       unit: !astropy.units.Unit
#         unit: km / s
#       value: !astropy.table.SerializedColumn
#         name: v3
#     v3_2p:
#       __class__: astropy.units.quantity.Quantity
#       unit: !astropy.units.Unit
#         unit: km / s
#       value: !astropy.table.SerializedColumn
#         name: v3_2p
#     vB:
#       __class__: astropy.units.quantity.Quantity
#       unit: !astropy.units.Unit
#         unit: km / s
#       value: !astropy.table.SerializedColumn
#         name: vB
#     vout:
#       __class__: astropy.units.quantity.Quantity
#       unit: !astropy.units.Unit
#         unit: km / s
#       value: !astropy.table.SerializedColumn
#         name: vout
# schema: astropy-2.0
model phase z mass mom energy metal metal_sn mass_loading mom_loading energy_loading metal_loading metal_sn_loading vout vB Z enrichment fmass_sn fmetal_sn H H_2p v3 v3_2p sfr10 sfr40 sfr100 surf nmid Pmid W nmid_2p Pmid_2p W_2p tdep10 tdep40 tdep100
[from data line 25]
R4 int 2H 0.010262526263684941 1.4493993987913996 3.143091662362348e+45 0.0003578925058166497 6.569876716287396e-05 0.10116186562989339 0.005187134767978684 0.0027453702284223882 0.1725572789906725 0.027435046534042305 83.3199941108361 168.00089129116836 0.03524651377126064 1.1732789027039399 0.02971880399886788 0.16999485169511055 298.6480565109715 289.15013299682505 31.88679896065182 24.44298216752751 0.13824136890042807 0.12935114507403772 0.11567460051321496 32.905142705320486 2.4129019685679367 280233.7596762385 300982.0169147311 7.465778141227856 371940.8003731755 294911.95313509007 942.6136538926158 1986.4281413235456 4600.777384861967
R4 hot 2H 0.01736547329606781 10.00930121373158 9.643898647989615e+46 0.0007768159939408505 0.0003045037722499205 0.18536170739770905 0.038218480747629985 0.08662316096564655 0.3899382265179063 0.13600536198283214 213.912628110137 665.1623578836598 0.04318598504953943 1.4415918342775558 0.07640774592277641 0.3489192128679832 298.6480565109715 289.15013299682505 31.88679896065182 24.44298216752751 0.13824136890042807 0.12935114507403772 0.11567460051321496 32.905142705320486 2.4129019685679367 280233.7596762385 300982.0169147311 7.465778141227856 371940.8003731755 294911.95313509007 942.6136538926158 1986.4281413235456 4600.777384861967
R8 cool 2H 0.010594096924715095 0.34950496566414563 2.3225151976422338e+44 0.00023923686160901781 1.2807829194341026e-05 2.4400999698322834 0.030221145202714943 0.004977264756189159 2.638990645774072 0.14257843603661832 17.191862410861884 47.422264948920656 0.02274319768065512 1.0534167247901327 0.0064798358054818095 0.05670708604895558 332.96636292730267 311.9689860579425 12.434523571750397 10.046697584271424 0.004200935249205114 0.004111178080770648 0.00402392332819 10.272284915092412 0.8641092100822654 18027.45592379986 18529.103824592898 1.287742104045569 19556.630874236376 18257.742458109664 6496.675724684511 4564.2691416241405 6896.43010944448
R8 int 2H 0.000976373484088299 0.09552105852827812 1.7681420323090116e+44 2.321137376168388e-05 2.3829064131255946e-06 0.2316042578939938 0.00855815676392343 0.003953002900533113 0.26351083566578015 0.026882633890495094 42.64867987876084 134.51858298410247 0.023776924203285754 1.1014188203766087 0.012272692459093472 0.10302929937924542 332.96636292730267 311.9689860579425 12.434523571750397 10.046697584271424 0.004200935249205114 0.004111178080770648 0.00402392332819 10.272284915092412 0.8641092100822654 18027.45592379986 18529.103824592898 1.287742104045569 19556.630874236376 18257.742458109664 6496.675724684511 4564.2691416241405 6896.43010944448
R8 hot 2H 0.0007938412874489415 0.33928329435158616 2.48741202552615e+45 2.390926121595906e-05 7.530569328367849e-06 0.19493507538461716 0.031992606766279276 0.05949850881949313 0.28213097412911275 0.08967221549015217 116.33449834813352 488.6982526184906 0.029215229756283878 1.3525782920772365 0.042768160943462204 0.2872630555897255 332.96636292730267 311.9689860579425 12.434523571750397 10.046697584271424 0.004200935249205114 0.004111178080770648 0.00402392332819 10.272284915092412 0.8641092100822654 18027.45592379986 18529.103824592898 1.287742104045569 19556.630874236376 18257.742458109664 6496.675724684511 4564.2691416241405 6896.43010944448
R16 cool 2H 0.001828654868353923 0.03615448228216016 1.1201467333904558e+43 3.699170744619128e-05 2.5098819640399667e-08 26.373341135410282 0.19339262678105987 0.015250318196233494 25.479920321875294 0.018315203700142415 7.536869975464413 22.238142650269175 0.020254958834509194 0.9996689522645548 0.00015273209305759883 0.001653211102508964 695.3024099341668 686.2676552613524 6.471892034919495 6.0298505528203785 5.208397959122486e-05 5.309945962125398e-05 4.533347805825226e-05 2.4637463644607505 0.07341970013708972 668.0876682894535 636.8055233870949 0.0884320941623626 647.1932709434409 633.9492602061046 1305096.8456818634 38680.4593262995 73376.0603463971
R16 int 2H 1.7647225074049607e-05 0.0020051583708437792 2.6243296764262203e+42 3.8066843199552243e-07 2.6983354574658195e-08 0.25361365969093097 0.010692734703522735 0.0038130622676170126 0.26099081008354336 0.018326992130293745 20.117313938337098 95.0132010196376 0.02211312190933774 1.0915958623969246 0.008411824534188449 0.09144590005086645 695.3024099341668 686.2676552613524 6.471892034919495 6.0298505528203785 5.208397959122486e-05 5.309945962125398e-05 4.533347805825226e-05 2.4637463644607505 0.07341970013708972 668.0876682894535 636.8055233870949 0.0884320941623626 647.1932709434409 633.9492602061046 1305096.8456818634 38680.4593262995 73376.0603463971
R16 hot 2H 5.099345460850993e-06 0.0045902694304390725 1.6694074986823032e+43 1.5788362933425936e-07 6.111019509170867e-08 0.07155100302976815 0.021098249363457992 0.021899125976744916 0.10577517221461213 0.04093797197316464 59.96030480229958 401.18484525122784 0.029494851650207713 1.4563039717855224 0.029685636041921242 0.3127140594990619 695.3024099341668 686.2676552613524 6.471892034919495 6.0298505528203785 5.208397959122486e-05 5.309945962125398e-05 4.533347805825226e-05 2.4637463644607505 0.07341970013708972 668.0876682894535 636.8055233870949 0.0884320941623626 647.1932709434409 633.9492602061046 1305096.8456818634 38680.4593262995 73376.0603463971
LGR2 cool 2H 0.2682754578966393 20.639297111710537 2.4754448328045846e+46 0.009604922345414633 0.001270022198572418 0.5450154714471344 0.015451422008822522 0.004577392413330853 0.9619966649752935 0.13094232919800675 40.0458037519965 92.80945237432705 0.036629843795019455 1.1335724906652067 0.025562114000718214 0.13921574212470011 318.3247224506862 312.6984253821342 31.206083271438622 24.836350056841482 0.46852893468979406 0.4503531290710355 0.42203918343587526 89.17180741689104 5.208660714823166 824353.860416033 874709.9767106301 12.887125589143343 946489.149131748 862734.4004296429 1152.7970393476874 3725.099728407203 9030.080360849905
LGR2 int 2H 0.016388232726700248 2.7429567799914665 6.990835627788828e+45 0.000647151034879113 0.00014525010004224476 0.03961276872734492 0.0024052642751791553 0.0014938732562339361 0.07749465277081487 0.016426149632641128 96.07844904431006 194.17576321387062 0.039557173225965386 1.227422971352586 0.04295203765890642 0.21825609862219877 318.3247224506862 312.6984253821342 31.206083271438622 24.836350056841482 0.46852893468979406 0.4503531290710355 0.42203918343587526 89.17180741689104 5.208660714823166 824353.860416033 874709.9767106301 12.887125589143343 946489.149131748 862734.4004296429 1152.7970393476874 3725.099728407203 9030.080360849905
LGR2 hot 2H 0.030145415399014514 21.120881886222783 2.4950874644067053e+47 0.0016358313120817419 0.0007901031190317466 0.08323771507171947 0.0206655728172416 0.057187659356974126 0.21287776183556423 0.09160669395457963 222.39202225968353 796.9513762709146 0.05164865177777351 1.6115721815463753 0.11492696028184869 0.4384616536572488 318.3247224506862 312.6984253821342 31.206083271438622 24.836350056841482 0.46852893468979406 0.4503531290710355 0.42203918343587526 89.17180741689104 5.208660714823166 824353.860416033 874709.9767106301 12.887125589143343 946489.149131748 862734.4004296429 1152.7970393476874 3725.099728407203 9030.080360849905
LGR4 cool 2H 0.10871242316167465 5.430913583286833 4.242137106998508e+45 0.0030297346683004676 0.00019447876692034788 1.1314713953132631 0.019643002870357553 0.003689293662367981 1.5455280137378158 0.09995223787576824 23.589136132727134 54.09412005528297 0.028628289777613482 1.0623335362852881 0.009685174402968474 0.06769791936181371 387.3250260421575 382.9179945089562 22.58755117255205 18.804617172038505 0.08887609150098501 0.08433438389718234 0.07486230009272679 43.47297442039376 2.1630342696230036 162340.85135458564 166252.7919580142 5.204134658181372 195447.94867745842 164130.98083385068 2222.810732191973 4783.959151098817 11184.037791737986
LGR4 int 2H 0.005680542576010066 0.7224174508363768 1.5025164526108106e+45 0.00016989839407479271 2.2495813986648498e-05 0.06228523230642067 0.0028509640094998862 0.0014542044161401312 0.09019675587098944 0.011548966365033988 58.14215228523472 147.37199654130947 0.030411549705246423 1.1285847954030148 0.019696438479960447 0.1300846803722764 387.3250260421575 382.9179945089562 22.58755117255205 18.804617172038505 0.08887609150098501 0.08433438389718234 0.07486230009272679 43.47297442039376 2.1630342696230036 162340.85135458564 166252.7919580142 5.204134658181372 195447.94867745842 164130.98083385068 2222.810732191973 4783.959151098817 11184.037791737986
LGR4 hot 2H 0.007225303632258922 3.793519661591246 3.224920622040162e+46 0.00027850894325659724 9.919450791979707e-05 0.09244680360555058 0.01819063131895513 0.037998049897903736 0.1690357527844792 0.058043072726206006 152.75315816287028 557.9333032406033 0.03776517407725463 1.4031615762582472 0.06077068177976794 0.32535612394131697 387.3250260421575 382.9179945089562 22.58755117255205 18.804617172038505 0.08887609150098501 0.08433438389718234 0.07486230009272679 43.47297442039376 2.1630342696230036 162340.85135458564 166252.7919580142 5.204134658181372 195447.94867745842 164130.98083385068 2222.810732191973 4783.959151098817 11184.037791737986
LGR8 cool 2H 0.012413840695608311 0.4922188247890372 2.5614606967853692e+44 0.00027840781778138356 8.840925226837885e-06 4.480353537035827 0.05895040400641812 0.006962118745937253 4.758477342566229 0.15267516676758655 16.606425652362596 37.58885129968411 0.02225117314915537 1.0247601912579698 0.0028282536210267398 0.027088783779728207 521.1116704383827 512.7009491938508 11.564050064308818 10.003416493000904 0.0029805199945048483 0.002833776994317071 0.0026050953685872675 10.907142964847779 0.37809175762066355 8930.046710549703 8615.046005973403 0.680429252700919 9422.514268629386 8555.704795893773 8922.35619104418 9669.105159656954 15550.457006722978
LGR8 int 2H 0.0005899031622906336 0.06149596525981859 1.1026275149782904e+44 1.395734997639492e-05 1.2252877522357148e-06 0.1658810874081956 0.006330961659733173 0.0027538132641685715 0.18642481467171865 0.016428586926858127 34.00375810735662 129.25253069745995 0.024209512051512627 1.112986202212233 0.013808740544592213 0.11084589764998815 521.1116704383827 512.7009491938508 11.564050064308818 10.003416493000904 0.0029805199945048483 0.002833776994317071 0.0026050953685872675 10.907142964847779 0.37809175762066355 8930.046710549703 8615.046005973403 0.680429252700919 9422.514268629386 8555.704795893773 8922.35619104418 9669.105159656954 15550.457006722978
LGR8 hot 2H 0.0005327719194557961 0.23488054320359436 1.518059110362577e+45 1.560230234550526e-05 4.440948193043756e-06 0.14347653345763173 0.022908333879268373 0.035341156695628505 0.19765438849883082 0.05498269316073724 87.55256293421478 379.0517953318924 0.028375848320825285 1.306036812539002 0.03479420447014998 0.25717925250505175 521.1116704383827 512.7009491938508 11.564050064308818 10.003416493000904 0.0029805199945048483 0.002833776994317071 0.0026050953685872675 10.907142964847779 0.37809175762066355 8930.046710549703 8615.046005973403 0.680429252700919 9422.514268629386 8555.704795893773 8922.35619104418 9669.105159656954 15550.457006722978
R2 cool 500 0.37414318134551966 35.9138665976011 5.800431706263333e+46 0.014836592490397177 0.0028363204697782894 0.3609547777480903 0.013035130243754965 0.005239953892965559 0.708375498520895 0.12522432968037076 55.06056137740155 124.29128147178771 0.040809153218006385 1.195835499441471 0.0387114869441284 0.19294756303230676 273.2994663468055 265.27609862928944 44.751524309354274 33.48573162381315 1.0128490233250682 0.9462298569908225 0.6209404312811817 90.4520295097832 8.666028462054959 1931547.6181467553 1999669.1099207122 28.33548791620517 2504334.718900553 1953626.727787721 1522.9744654874164 5654.344679684638 14081.90350080876
R2 int 500 0.04883639270184413 8.714017753046337 2.4682219087302487e+46 0.0020347440741567235 0.0005092760791269968 0.04548800199735861 0.0030681994101491397 0.002173193078764997 0.09378584023125824 0.0221714723926192 110.51394210035674 219.8596296704723 0.04304145100525902 1.262108461161317 0.052223998917896794 0.24598572599625462 273.2994663468055 265.27609862928944 44.751524309354274 33.48573162381315 1.0128490233250682 0.9462298569908225 0.6209404312811817 90.4520295097832 8.666028462054959 1931547.6181467553 1999669.1099207122 28.33548791620517 2504334.718900553 1953626.727787721 1522.9744654874164 5654.344679684638 14081.90350080876
R2 hot 500 0.10484435589885285 105.82733623379221 1.7571400067519447e+48 0.007059322706538731 0.004255886953114425 0.09780323403365307 0.03713034080182177 0.153709538858511 0.31864250418506757 0.1871524561853254 285.25907674203563 1197.2866627443016 0.06564969746281064 1.9420842696238454 0.18881677466206886 0.5708682506506846 273.2994663468055 265.27609862928944 44.751524309354274 33.48573162381315 1.0128490233250682 0.9462298569908225 0.6209404312811817 90.4520295097832 8.666028462054959 1931547.6181467553 1999669.1099207122 28.33548791620517 2504334.718900553 1953626.727787721 1522.9744654874164 5654.344679684638 14081.90350080876
R4 cool 500 0.10933318211538044 7.1327940304714765 7.261788109202815e+45 0.003432427730512369 0.00039290253732619264 0.8932983138593209 0.021087084944758947 0.005212952554902996 1.4027758406962565 0.1406260670036667 35.87619021967772 80.89806584434905 0.033244272954437715 1.1043969679404642 0.017984883801081205 0.10879280419207198 298.6480565109715 289.15013299682505 31.88679896065182 24.44298216752751 0.13824136890042807 0.12935114507403772 0.11567460051321496 32.905142705320486 2.4129019685679367 280233.7596762385 300982.0169147311 7.465778141227856 371940.8003731755 294911.95313509007 942.6136538926158 1986.4281413235456 4600.777384861967
R4 int 500 0.01274114345271911 1.7268028564793245 3.748181368488994e+45 0.0004298085890391311 7.147838232921668e-05 0.11679900115690363 0.005810223242858189 0.0030896750885357513 0.19498207841917808 0.029134661478072317 80.37279042875892 167.31804527022453 0.03469709250621526 1.153600701915355 0.026518697918271127 0.15414169563568603 298.6480565109715 289.15013299682505 31.88679896065182 24.44298216752751 0.13824136890042807 0.12935114507403772 0.11567460051321496 32.905142705320486 2.4129019685679367 280233.7596762385 300982.0169147311 7.465778141227856 371940.8003731755 294911.95313509007 942.6136538926158 1986.4281413235456 4600.777384861967
R4 hot 500 0.02323612785363094 15.639874792220283 1.8360981853194768e+47 0.0011119355545534068 0.0005076850943641563 0.22041131408474068 0.04964365416341933 0.12714118611688865 0.4787028321797409 0.18393085731587827 236.64691031037617 748.2485994957207 0.04503714747654829 1.51093134940095 0.08710488128016412 0.37557920447281173 298.6480565109715 289.15013299682505 31.88679896065182 24.44298216752751 0.13824136890042807 0.12935114507403772 0.11567460051321496 32.905142705320486 2.4129019685679367 280233.7596762385 300982.0169147311 7.465778141227856 371940.8003731755 294911.95313509007 942.6136538926158 1986.4281413235456 4600.777384861967
R8 cool 500 0.01744599786717337 0.5016880308373255 3.1031059268214826e+44 0.000390976157792165 1.640215004778585e-05 4.020632001859019 0.04250007076239979 0.006472947133247787 4.310976308751267 0.1774518945916959 13.76790812735862 42.82167719597184 0.022450864027290095 1.0400243140709045 0.0048389579933142265 0.04302291080293875 332.96636292730267 311.9689860579425 12.434523571750397 10.046697584271424 0.004200935249205114 0.004111178080770648 0.00402392332819 10.272284915092412 0.8641092100822654 18027.45592379986 18529.103824592898 1.287742104045569 19556.630874236376 18257.742458109664 6496.675724684511 4564.2691416241405 6896.43010944448
