tables/table-mean-err.ecsv
# %ECSV 0.9
# ---
# datatype:
# - {name: model, datatype: string}
# - {name: phase, datatype: string}
# - {name: z, datatype: string}
# - {name: mass, unit: solMass / (kpc2 yr), datatype: float64}
# - {name: mom_kin, datatype: float64}
# - {name: energy, unit: erg / (kpc2 yr), datatype: float64}
# - {name: metal, unit: solMass / (kpc2 yr), datatype: float64}
# - {name: metal_sn, unit: solMass / (kpc2 yr), datatype: float64}
# - {name: mass_loading, datatype: float64}
# - {name: mom_kin_loading, datatype: float64}
# - {name: energy_loading, datatype: float64}
# - {name: metal_loading, datatype: float64}
# - {name: metal_sn_loading, datatype: float64}
# - {name: vout_flux, unit: km / s, datatype: float64}
# - {name: vB, unit: km / s, datatype: float64}
# - {name: Z, datatype: float64}
# - {name: enrichment, datatype: float64}
# - {name: fmass_sn, datatype: float64}
# - {name: fmetal_sn, datatype: float64}
# - {name: H, unit: pc, datatype: float64}
# - {name: H_2p, unit: pc, datatype: float64}
# - {name: v3, unit: km / s, datatype: float64}
# - {name: v3_2p, unit: km / s, datatype: float64}
# - {name: sigma_eff, unit: km / s, datatype: float64}
# - {name: sfr10, unit: solMass / (kpc2 yr), datatype: float64}
# - {name: sfr40, unit: solMass / (kpc2 yr), datatype: float64}
# - {name: sfr100, unit: solMass / (kpc2 yr), datatype: float64}
# - {name: surf, unit: solMass / pc2, datatype: float64}
# - {name: nmid_2p, unit: 1 / cm3, datatype: float64}
# - {name: Pmid_2p, unit: K / cm3, datatype: float64}
# - {name: W_2p, unit: K / cm3, datatype: float64}
# - {name: tdep10, unit: Myr, datatype: float64}
# - {name: tdep40, unit: Myr, datatype: float64}
# - {name: tdep100, unit: Myr, datatype: float64}
# meta: !!omap
# - __serialized_columns__:
#     H:
#       __class__: astropy.units.quantity.Quantity
#       unit: &id001 !astropy.units.Unit {unit: pc}
#       value: !astropy.table.SerializedColumn {name: H}
#     H_2p:
#       __class__: astropy.units.quantity.Quantity
#       unit: *id001
#       value: !astropy.table.SerializedColumn {name: H_2p}
#     Pmid_2p:
#       __class__: astropy.units.quantity.Quantity
#       unit: !astropy.units.Unit {unit: K / cm3}
#       value: !astropy.table.SerializedColumn {name: Pmid_2p}
#     W_2p:
#       __class__: astropy.units.quantity.Quantity
#       unit: !astropy.units.Unit {unit: K / cm3}
#       value: !astropy.table.SerializedColumn {name: W_2p}
#     Z:
#       __class__: astropy.units.quantity.Quantity
#       unit: !astropy.units.Unit {unit: ''}
#       value: !astropy.table.SerializedColumn {name: Z}
#     energy:
#       __class__: astropy.units.quantity.Quantity
#       unit: !astropy.units.Unit {unit: erg / (kpc2 yr)}
#       value: !astropy.table.SerializedColumn {name: energy}
#     energy_loading:
#       __class__: astropy.units.quantity.Quantity
#       unit: !astropy.units.Unit {unit: ''}
#       value: !astropy.table.SerializedColumn {name: energy_loading}
#     enrichment:
#       __class__: astropy.units.quantity.Quantity
#       unit: !astropy.units.Unit {unit: ''}
#       value: !astropy.table.SerializedColumn {name: enrichment}
#     fmass_sn:
#       __class__: astropy.units.quantity.Quantity
#       unit: !astropy.units.Unit {unit: ''}
#       value: !astropy.table.SerializedColumn {name: fmass_sn}
#     fmetal_sn:
[...]
#     surf:
#       __class__: astropy.units.quantity.Quantity
#       unit: !astropy.units.Unit {unit: solMass / pc2}
#       value: !astropy.table.SerializedColumn {name: surf}
#     tdep10:
#       __class__: astropy.units.quantity.Quantity
#       unit: &id002 !astropy.units.Unit {unit: Myr}
#       value: !astropy.table.SerializedColumn {name: tdep10}
#     tdep100:
#       __class__: astropy.units.quantity.Quantity
#       unit: *id002
#       value: !astropy.table.SerializedColumn {name: tdep100}
#     tdep40:
#       __class__: astropy.units.quantity.Quantity
#       unit: *id002
#       value: !astropy.table.SerializedColumn {name: tdep40}
#     v3:
#       __class__: astropy.units.quantity.Quantity
#       unit: !astropy.units.Unit {unit: km / s}
#       value: !astropy.table.SerializedColumn {name: v3}
#     v3_2p:
#       __class__: astropy.units.quantity.Quantity
#       unit: !astropy.units.Unit {unit: km / s}
#       value: !astropy.table.SerializedColumn {name: v3_2p}
#     vB:
#       __class__: astropy.units.quantity.Quantity
#       unit: !astropy.units.Unit {unit: km / s}
#       value: !astropy.table.SerializedColumn {name: vB}
#     vout_flux:
#       __class__: astropy.units.quantity.Quantity
#       unit: !astropy.units.Unit {unit: km / s}
#       value: !astropy.table.SerializedColumn {name: vout_flux}
# schema: astropy-2.0
model phase z mass mom_kin energy metal metal_sn mass_loading mom_kin_loading energy_loading metal_loading metal_sn_loading vout_flux vB Z enrichment fmass_sn fmetal_sn H H_2p v3 v3_2p sigma_eff sfr10 sfr40 sfr100 surf nmid_2p Pmid_2p W_2p tdep10 tdep40 tdep100
R2 cool H 0.18135484129486057 11.68900327944558 1.812710197961177e+46 0.0074243815324903754 0.0007745125231940872 0.1527063378505317 0.01491649807590178 0.0014062027328505132 0.2944856361127838 0.03052127524843249 7.752607922576076 9.261376590654528 0.0017294346160099815 0.0337796078562169 0.005557296737990925 0.03041017015327957 34.444565959795504 33.778467735874486 4.565138396345849 2.9985845735715277 4.822099333898491 0.3272227407077229 0.15713734928280637 0.0937872159898601 9.071114335505895 5.646693842950037 451267.98319769814 144248.9188646017 2696.1347054524035 10813.641833551836 27037.218821032944
R2 int H 0.010401348935874464 1.932043154959211 6.705304444006242e+45 0.00038059955028846217 0.00011238736244305486 0.009230486537900191 0.0023466752425116756 0.000495170727093371 0.01724065703164747 0.004499174646837429 9.010685873764801 9.17451166920493 0.0018773875349624432 0.0309017776939644 0.003902881187189631 0.023204377030194963 34.444565959795504 33.778467735874486 4.565138396345849 2.9985845735715277 4.822099333898491 0.3272227407077229 0.15713734928280637 0.0937872159898601 9.071114335505895 5.646693842950037 451267.98319769814 144248.9188646017 2696.1347054524035 10813.641833551836 27037.218821032944
R2 hot H 0.020399625702929275 15.37680840560536 6.400806726323812e+47 0.0016245003017982876 0.0012539185468793056 0.018846244382737923 0.019955740606384224 0.05133634295046633 0.070441009260811 0.051937056242764554 38.7182330766277 92.26128924157494 0.0037704420595905614 0.13541246577976906 0.02002276626007497 0.029802035777376796 34.444565959795504 33.778467735874486 4.565138396345849 2.9985845735715277 4.822099333898491 0.3272227407077229 0.15713734928280637 0.0937872159898601 9.071114335505895 5.646693842950037 451267.98319769814 144248.9188646017 2696.1347054524035 10813.641833551836 27037.218821032944
R4 cool H 0.14207286325824822 5.895472682048484 4.98648785874625e+45 0.004326344113604591 0.00024121078463902745 0.9721274552543159 0.062477686392098566 0.003301566463115971 1.4224099071836414 0.07911770334742187 6.449405810426497 7.504836784438589 0.0008290060773680761 0.02755621755308613 0.003830291995682261 0.02476964114366141 37.305067985761454 37.867803585077326 2.679721827911603 2.4062802514265984 2.910469084458263 0.05019438481111819 0.029498698332755896 0.018664424503403557 2.603553935062946 2.0005296911896 92944.81113092066 25222.775779238156 1229.728929274075 4922.411727797948 12323.930956094764
R4 int H 0.0039287185694790285 0.5578341500411461 1.4971463707854523e+45 0.00011989911908135917 2.7445639450940036e-05 0.03429103339265889 0.006682553503009534 0.0011076696201064785 0.05272250316605911 0.009988119307049773 7.809254571898316 7.702369366274077 0.0007686728749033322 0.0246662858737472 0.0031498764210667373 0.02072294108968745 37.305067985761454 37.867803585077326 2.679721827911603 2.4062802514265984 2.910469084458263 0.05019438481111819 0.029498698332755896 0.018664424503403557 2.603553935062946 2.0005296911896 92944.81113092066 25222.775779238156 1229.728929274075 4922.411727797948 12323.930956094764
R4 hot H 0.00584299386343762 3.9083785756220837 1.065270559135592e+47 0.0003627487461279382 0.0002617502357085706 0.05870820323037006 0.046072891062782256 0.06955188899025279 0.14898027812263867 0.0876422467169652 42.43438019233403 77.9456396871703 0.0024582813980904127 0.12303133239228838 0.016692420273141655 0.04704532891749636 37.305067985761454 37.867803585077326 2.679721827911603 2.4062802514265984 2.910469084458263 0.05019438481111819 0.029498698332755896 0.018664424503403557 2.603553935062946 2.0005296911896 92944.81113092066 25222.775779238156 1229.728929274075 4922.411727797948 12323.930956094764
R8 cool H nan nan nan nan nan 1.8699148953667972 0.05496092858269358 0.0023514596246273158 1.9397895500732016 0.05130597389720343 nan nan nan nan nan nan 29.938005305108433 29.336022067218515 1.0066728194912389 0.5019784908572134 1.1134337107158359 0.0011134601731257966 0.0005714543481571539 0.0004412068283668237 0.2904984710735647 0.09137448054094735 1339.4744426908044 838.0835989741488 3728.431317610258 5358.18455199649 13455.76426670641
R8 int H nan nan nan nan nan 0.05340910709245286 0.006355125306664922 0.0010430969516744613 0.059950396011660745 0.00595402316013251 nan nan nan nan nan nan 29.938005305108433 29.336022067218515 1.0066728194912389 0.5019784908572134 1.1134337107158359 0.0011134601731257966 0.0005714543481571539 0.0004412068283668237 0.2904984710735647 0.09137448054094735 1339.4744426908044 838.0835989741488 3728.431317610258 5358.18455199649 13455.76426670641
R8 hot H nan nan nan nan nan 0.058899203236388614 0.023822214621128514 0.029990492237305117 0.09052015787021332 0.03551570818694582 nan nan nan nan nan nan 29.938005305108433 29.336022067218515 1.0066728194912389 0.5019784908572134 1.1134337107158359 0.0011134601731257966 0.0005714543481571539 0.0004412068283668237 0.2904984710735647 0.09137448054094735 1339.4744426908044 838.0835989741488 3728.431317610258 5358.18455199649 13455.76426670641
R16 cool H 0.0015301104617758106 0.014136809891380072 6.506876241934074e+42 3.095342683382848e-05 8.982906508419474e-09 20.132535714219767 0.2745295494629679 0.00808493512194841 19.4291186255315 0.0034321755614751585 1.2103188259084348 1.200322100051593 3.953399670276859e-05 0.0010952596252677194 2.7499557026247792e-05 0.0002880417638817118 92.80279255338999 92.4629898646163 0.6545999695269274 0.6103211056063973 0.6784132868939355 2.7442138701285807e-05 1.9564848463658247e-05 1.4246796377051617e-05 0.005632167274710099 0.012399397114482586 114.05692883328616 43.748461447729476 nan nan nan
R16 int H 1.4231130873214994e-05 0.0006966319075731038 1.855546039024678e+42 3.0502520067058183e-07 2.093896670649962e-08 0.15786865447235868 0.01097090226223735 0.001756720487605093 0.16235294835877281 0.01126523360643622 6.602414791585899 7.716004322664928 0.00038312159554309915 0.01922385202469559 0.002116856214535341 0.015254167649815282 92.80279255338999 92.4629898646163 0.6545999695269274 0.6103211056063973 0.6784132868939355 2.7442138701285807e-05 1.9564848463658247e-05 1.4246796377051617e-05 0.005632167274710099 0.012399397114482586 114.05692883328616 43.748461447729476 nan nan nan
R16 hot H 8.037704403046728e-06 0.0017054208737680642 5.248366687648703e+43 2.5531546062156245e-07 1.1976985162682607e-07 0.0737117830698231 0.022723177129493354 0.04131082074189102 0.11187221485915307 0.05115024080167623 34.3669938953056 110.82405428033658 0.004126209602338059 0.20420326438605982 0.019894271047471906 0.06692309916126432 92.80279255338999 92.4629898646163 0.6545999695269274 0.6103211056063973 0.6784132868939355 2.7442138701285807e-05 1.9564848463658247e-05 1.4246796377051617e-05 0.005632167274710099 0.012399397114482586 114.05692883328616 43.748461447729476 nan nan nan
LGR2 cool H 0.19112671845557613 10.451560867767412 1.249217371415362e+46 0.006255988069924501 0.0005468762387965034 0.3452284620523592 0.027951170715111766 0.0020849381760868328 0.5483224714319905 0.047833901915061844 5.111365970886611 5.877274077135473 0.001924355999589674 0.01843126390812772 0.0036554584849502803 0.018610900679729 35.95769879118931 36.62503689934696 2.773336129586379 2.257052306989999 2.6778302423622384 0.1490070687577885 0.09157545265147593 0.06554363995152118 10.30660447084105 2.302208953735295 173452.59330237185 97555.78847371819 1714.354271570075 6896.072696852527 17250.97050493138
LGR2 int H 0.006625034441967452 0.9633809907296419 2.890005675730721e+45 0.00025603176731091846 5.4760278043011186e-05 0.013665921190275696 0.002854639333587226 0.0005266367690934925 0.025320285199961327 0.005286772189125671 9.73702801119437 8.809324985331012 0.001739650766979562 0.020490672718463068 0.0031196321615126524 0.016277223234629178 35.95769879118931 36.62503689934696 2.773336129586379 2.257052306989999 2.6778302423622384 0.1490070687577885 0.09157545265147593 0.06554363995152118 10.30660447084105 2.302208953735295 173452.59330237185 97555.78847371819 1714.354271570075 6896.072696852527 17250.97050493138
LGR2 hot H 0.010711217065499776 7.246968091575601 2.1981030613736742e+47 0.0007762757853342102 0.0005341866349109487 0.025515738578904084 0.023344970411212956 0.043428692145046806 0.08276707796535708 0.053484088800006976 56.89434147246383 91.36791021334949 0.0032651951909315195 0.11899765047047245 0.0198200347402271 0.044790339859208515 35.95769879118931 36.62503689934696 2.773336129586379 2.257052306989999 2.6778302423622384 0.1490070687577885 0.09157545265147593 0.06554363995152118 10.30660447084105 2.302208953735295 173452.59330237185 97555.78847371819 1714.354271570075 6896.072696852527 17250.97050493138
LGR4 cool H 0.22109168321369643 6.594233851849762 4.044006664410687e+45 0.005289348094798944 0.00011123196682393845 2.1006418990121065 0.09316840987653888 0.003611763191978972 2.4272813533335857 0.04988795874037354 4.293105100059155 4.778435436121592 0.0009050237910931486 0.013901034363737748 0.0018265639103698628 0.012678535637111639 62.34946835292963 63.243964811240744 2.1588274270803556 1.9528728361016143 2.2630063247252172 0.03311661213260391 0.015075858040068696 0.010289255370687306 2.9087136642862563 0.9932698716829395 39267.80798945609 13145.428143738483 2069.949567823984 8354.833449256012 20914.558801777377
LGR4 int H 0.0032592317989591185 0.3670699518159643 8.864574026710233e+44 9.338843140462025e-05 1.407127135142856e-05 0.034894509171792945 0.005690232428554659 0.0008654314077793206 0.048515307915081254 0.0067371773532274104 7.777719355162183 8.651180280978949 0.0007634060309008082 0.012794746408054461 0.0016651700747735759 0.011362778051512366 62.34946835292963 63.243964811240744 2.1588274270803556 1.9528728361016143 2.2630063247252172 0.03311661213260391 0.015075858040068696 0.010289255370687306 2.9087136642862563 0.9932698716829395 39267.80798945609 13145.428143738483 2069.949567823984 8354.833449256012 20914.558801777377
LGR4 hot H 0.004234656002818024 1.8076632398098988 4.1978502099556453e+46 0.00019874903251567385 0.00010662141190036567 0.047908147748760455 0.02909873359910318 0.04072271304249241 0.10431725659846182 0.05227218360763582 33.57153032290208 60.772291883851274 0.0017169127092060141 0.07455274980363247 0.009921578547664324 0.03321132426122665 62.34946835292963 63.243964811240744 2.1588274270803556 1.9528728361016143 2.2630063247252172 0.03311661213260391 0.015075858040068696 0.010289255370687306 2.9087136642862563 0.9932698716829395 39267.80798945609 13145.428143738483 2069.949567823984 8354.833449256012 20914.558801777377
LGR8 cool H 0.02122348287333192 0.42498707983211476 2.150982045493534e+44 0.00045751784451507403 4.4748747036653126e-06 6.268433281574478 0.18666861139453703 0.005968794083220641 6.490324776410725 0.06264697293572802 2.778054544864968 3.182019377625877 0.0002452066916671842 0.003552804804043032 0.00043648221405570954 0.0038215361491122533 65.67013664334966 66.45513549907646 1.6421039921572371 1.217008223733065 1.686378579018225 0.0009740707302783703 0.0006375170992756594 0.00038688617369729366 0.2526991293804882 0.08769193869754645 1453.8519178725955 360.5968183773357 3891.4327098236 11474.48015174552 28878.791357942802
LGR8 int H 0.00040881212489870096 0.03335946641321255 8.061073512652657e+43 9.576208167803214e-06 8.163107178014047e-07 0.12321427035065928 0.015218440667212276 0.002306697448775307 0.13804638092233054 0.011644022432281917 10.69873010953315 10.799436324221285 0.001004011792732956 0.04402856125714367 0.0052141375293404384 0.03101816065185273 65.67013664334966 66.45513549907646 1.6421039921572371 1.217008223733065 1.686378579018225 0.0009740707302783703 0.0006375170992756594 0.00038688617369729366 0.2526991293804882 0.08769193869754645 1453.8519178725955 360.5968183773357 3891.4327098236 11474.48015174552 28878.791357942802
LGR8 hot H 0.0005408747047269398 0.15742590234726903 2.203909140582559e+45 1.6675161535156127e-05 5.506151035766469e-06 0.15591322045106054 0.06849125715476781 0.05992561203474224 0.22924036850573343 0.0755603491058505 43.316787365303774 68.48244759482857 0.0011875212503285612 0.05319113626061007 0.007700681968173345 0.02970922219208803 65.67013664334966 66.45513549907646 1.6421039921572371 1.217008223733065 1.686378579018225 0.0009740707302783703 0.0006375170992756594 0.00038688617369729366 0.2526991293804882 0.08769193869754645 1453.8519178725955 360.5968183773357 3891.4327098236 11474.48015174552 28878.791357942802
R2 cool 2H 0.07540485429569103 7.333894652281537 1.3924911470502119e+46 0.0026200161741262015 0.0006879948270317349 0.05810593149943841 0.00887110206996954 0.0010671330213033203 0.10197112491036966 0.026035019803615875 10.190628308385163 10.029455636700355 0.0020430986513062144 0.031601200952036196 0.004689879916243766 0.023811220144689157 34.444565959795504 33.778467735874486 4.565138396345849 2.9985845735715277 4.822099333898491 0.3272227407077229 0.15713734928280637 0.0937872159898601 9.071114335505895 5.646693842950037 451267.98319769814 144248.9188646017 2696.1347054524035 10813.641833551836 27037.218821032944
R2 int 2H 0.009304660663855078 1.7290635217457688 5.6814643027903846e+45 0.0003770869057058632 0.00012302241466805223 0.00774473697758271 0.0021271863474721375 0.00043581645498171507 0.01528694511760913 0.004744919901693086 12.767152070001659 11.1287179217859 0.0020056711520446352 0.03543039944300245 0.004468873490567993 0.023505805580568955 34.444565959795504 33.778467735874486 4.565138396345849 2.9985845735715277 4.822099333898491 0.3272227407077229 0.15713734928280637 0.0937872159898601 9.071114335505895 5.646693842950037 451267.98319769814 144248.9188646017 2696.1347054524035 10813.641833551836 27037.218821032944
R2 hot 2H 0.019971679532708345 11.625238050611758 3.895406639760215e+47 0.001404089146563174 0.000859183366314258 0.016003966819424738 0.013563086543717082 0.028122099562129136 0.052715246771805786 0.03190511051659112 45.036644761592335 97.03368416348269 0.0037803978554362683 0.08573534312559723 0.01696737259053233 0.029976942187505344 34.444565959795504 33.778467735874486 4.565138396345849 2.9985845735715277 4.822099333898491 0.3272227407077229 0.15713734928280637 0.0937872159898601 9.071114335505895 5.646693842950037 451267.98319769814 144248.9188646017 2696.1347054524035 10813.641833551836 27037.218821032944
R4 cool 2H 0.028917717307987013 2.2101042628311642 2.726505361404811e+45 0.0009032103708860143 0.000168349321659556 0.22749319279794694 0.02427067796310022 0.0017995989461160283 0.34833688870441937 0.05824780827382159 7.721589581977339 8.223040517571413 0.0008797008813422 0.026607625538675277 0.0038163726791876134 0.02360116858511791 37.305067985761454 37.867803585077326 2.679721827911603 2.4062802514265984 2.910469084458263 0.05019438481111819 0.029498698332755896 0.018664424503403557 2.603553935062946 2.0005296911896 92944.81113092066 25222.775779238156 1229.728929274075 4922.411727797948 12323.930956094764
R4 int 2H 0.0031506573823057373 0.4653418114382151 1.2052496165616088e+45 0.00010465622491905145 2.6978750470028157e-05 0.026166465103943992 0.005329271749544728 0.0008499352925450144 0.042671420005010216 0.009416604963618206 8.82221120787396 7.575079556264829 0.0007465511690670974 0.028884627228831887 0.003597998510969351 0.02257622220079873 37.305067985761454 37.867803585077326 2.679721827911603 2.4062802514265984 2.910469084458263 0.05019438481111819 0.029498698332755896 0.018664424503403557 2.603553935062946 2.0005296911896 92944.81113092066 25222.775779238156 1229.728929274075 4922.411727797948 12323.930956094764
