tables/table-mean.ecsv
# %ECSV 0.9
# ---
# datatype:
# - {name: model, datatype: string}
# - {name: phase, datatype: string}
# - {name: z, datatype: string}
# - {name: mass, unit: solMass / (kpc2 yr), datatype: float64}
# - {name: mom, unit: km solMass / (kpc2 s yr), datatype: float64}
# - {name: energy, unit: erg / (kpc2 yr), datatype: float64}
# - {name: metal, unit: solMass / (kpc2 yr), datatype: float64}
# - {name: metal_sn, unit: solMass / (kpc2 yr), datatype: float64}
# - {name: mass_loading, datatype: float64}
# - {name: mom_loading, datatype: float64}
# - {name: energy_loading, datatype: float64}
# - {name: metal_loading, datatype: float64}
# - {name: metal_sn_loading, datatype: float64}
# - {name: vout_flux, unit: km / s, datatype: float64}
# - {name: vB, unit: km / s, datatype: float64}
# - {name: Z, datatype: float64}
# - {name: enrichment, datatype: float64}
# - {name: fmass_sn, datatype: float64}
# - {name: fmetal_sn, datatype: float64}
# - {name: H, unit: pc, datatype: float64}
# - {name: H_2p, unit: pc, datatype: float64}
# - {name: v3, unit: km / s, datatype: float64}
# - {name: v3_2p, unit: km / s, datatype: float64}
# - {name: sigma_eff, unit: km / s, datatype: float64}
# - {name: sfr10, unit: solMass / (kpc2 yr), datatype: float64}
# - {name: sfr40, unit: solMass / (kpc2 yr), datatype: float64}
# - {name: sfr100, unit: solMass / (kpc2 yr), datatype: float64}
# - {name: surf, unit: solMass / pc2, datatype: float64}
# - {name: nmid, unit: 1 / cm3, datatype: float64}
# - {name: Pmid, unit: K / cm3, datatype: float64}
# - {name: W, unit: K / cm3, datatype: float64}
# - {name: nmid_2p, unit: 1 / cm3, datatype: float64}
# - {name: Pmid_2p, unit: K / cm3, datatype: float64}
# - {name: W_2p, unit: K / cm3, datatype: float64}
# - {name: tdep10, unit: Myr, datatype: float64}
# - {name: tdep40, unit: Myr, datatype: float64}
# - {name: tdep100, unit: Myr, datatype: float64}
# meta: !!omap
# - __serialized_columns__:
#     H:
#       __class__: astropy.units.quantity.Quantity
#       unit: &id001 !astropy.units.Unit {unit: pc}
#       value: !astropy.table.SerializedColumn {name: H}
#     H_2p:
#       __class__: astropy.units.quantity.Quantity
#       unit: *id001
#       value: !astropy.table.SerializedColumn {name: H_2p}
#     Pmid:
#       __class__: astropy.units.quantity.Quantity
#       unit: !astropy.units.Unit {unit: K / cm3}
#       value: !astropy.table.SerializedColumn {name: Pmid}
#     Pmid_2p:
#       __class__: astropy.units.quantity.Quantity
#       unit: !astropy.units.Unit {unit: K / cm3}
#       value: !astropy.table.SerializedColumn {name: Pmid_2p}
#     W:
#       __class__: astropy.units.quantity.Quantity
#       unit: !astropy.units.Unit {unit: K / cm3}
#       value: !astropy.table.SerializedColumn {name: W}
#     W_2p:
#       __class__: astropy.units.quantity.Quantity
#       unit: !astropy.units.Unit {unit: K / cm3}
#       value: !astropy.table.SerializedColumn {name: W_2p}
#     Z:
#       __class__: astropy.units.quantity.Quantity
#       unit: !astropy.units.Unit {unit: ''}
#       value: !astropy.table.SerializedColumn {name: Z}
#     energy:
#       __class__: astropy.units.quantity.Quantity
#       unit: !astropy.units.Unit {unit: erg / (kpc2 yr)}
#       value: !astropy.table.SerializedColumn {name: energy}
#     energy_loading:
[...]
#     surf:
#       __class__: astropy.units.quantity.Quantity
#       unit: !astropy.units.Unit {unit: solMass / pc2}
#       value: !astropy.table.SerializedColumn {name: surf}
#     tdep10:
#       __class__: astropy.units.quantity.Quantity
#       unit: &id002 !astropy.units.Unit {unit: Myr}
#       value: !astropy.table.SerializedColumn {name: tdep10}
#     tdep100:
#       __class__: astropy.units.quantity.Quantity
#       unit: *id002
#       value: !astropy.table.SerializedColumn {name: tdep100}
#     tdep40:
#       __class__: astropy.units.quantity.Quantity
#       unit: *id002
#       value: !astropy.table.SerializedColumn {name: tdep40}
#     v3:
#       __class__: astropy.units.quantity.Quantity
#       unit: !astropy.units.Unit {unit: km / s}
#       value: !astropy.table.SerializedColumn {name: v3}
#     v3_2p:
#       __class__: astropy.units.quantity.Quantity
#       unit: !astropy.units.Unit {unit: km / s}
#       value: !astropy.table.SerializedColumn {name: v3_2p}
#     vB:
#       __class__: astropy.units.quantity.Quantity
#       unit: !astropy.units.Unit {unit: km / s}
#       value: !astropy.table.SerializedColumn {name: vB}
#     vout_flux:
#       __class__: astropy.units.quantity.Quantity
#       unit: !astropy.units.Unit {unit: km / s}
#       value: !astropy.table.SerializedColumn {name: vout_flux}
# schema: astropy-2.0
model phase z mass mom energy metal metal_sn mass_loading mom_loading energy_loading metal_loading metal_sn_loading vout_flux vB Z enrichment fmass_sn fmetal_sn H H_2p v3 v3_2p sigma_eff sfr10 sfr40 sfr100 surf nmid Pmid W nmid_2p Pmid_2p W_2p tdep10 tdep40 tdep100
[from data line 24]
R4 cool 2H 0.08179532369428945 5.767163543637957 6.08524052572708e+45 0.002689027078832641 0.0003664215604516237 0.6695410832000624 0.01792935290372174 0.004756964118975796 1.0510353103448444 0.14321982903701494 63.214400678084615 83.75218428049112 0.033854543001700856 1.1261810355368655 0.021536513643612948 0.1281838005852254 298.6480565109715 289.15013299682505 31.88679896065182 24.44298216752751 37.55609910925201 0.13824136890042807 0.12935114507403772 0.11567460051321496 32.905142705320486 2.4129019685679367 280233.7596762385 300982.0169147311 7.465778141227856 371940.8003731755 294911.95313509007 942.6136538926158 1986.4281413235456 4600.777384861967
R4 int 2H 0.010262526263684941 1.4494138221473793 3.143091662362348e+45 0.0003578925058166497 6.569876716287396e-05 0.08400459391343441 0.004506036932051312 0.002457022725280563 0.13988615580784475 0.02567907354963551 115.52494799812946 168.00366020400025 0.03524651377126064 1.1732789027039399 0.02971880399886788 0.16999485169511055 298.6480565109715 289.15013299682505 31.88679896065182 24.44298216752751 37.55609910925201 0.13824136890042807 0.12935114507403772 0.11567460051321496 32.905142705320486 2.4129019685679367 280233.7596762385 300982.0169147311 7.465778141227856 371940.8003731755 294911.95313509007 942.6136538926158 1986.4281413235456 4600.777384861967
R4 hot 2H 0.01736547329606781 10.009471388775431 9.643898647989615e+46 0.0007768159939408505 0.0003045037722499205 0.14214624107836052 0.0311181300046598 0.075388441330418 0.30362693098163296 0.11901859199826595 318.16322085596585 665.1733207813793 0.04318598504953943 1.4415918342775558 0.07640774592277641 0.3489192128679832 298.6480565109715 289.15013299682505 31.88679896065182 24.44298216752751 37.55609910925201 0.13824136890042807 0.12935114507403772 0.11567460051321496 32.905142705320486 2.4129019685679367 280233.7596762385 300982.0169147311 7.465778141227856 371940.8003731755 294911.95313509007 942.6136538926158 1986.4281413235456 4600.777384861967
R8 cool 2H 0.010594096924715095 0.3495084041729892 2.3225151976422338e+44 0.00023923686160901781 1.2807829194341026e-05 2.0728755276481707 0.025972903302312972 0.004339815018916231 2.2351710037101196 0.11966253128018758 28.723615837919994 47.42304654071416 0.02274319768065512 1.0534167247901327 0.0064798358054818095 0.05670708604895558 332.96636292730267 311.9689860579425 12.434523571750397 10.046697584271424 17.262237875700134 0.004200935249205114 0.004111178080770648 0.00402392332819 10.272284915092412 0.8641092100822654 18027.45592379986 18529.103824592898 1.287742104045569 19556.630874236376 18257.742458109664 6496.675724684511 4564.2691416241405 6896.43010944448
R8 int 2H 0.000976373484088299 0.09552239816987414 1.7681420323090116e+44 2.321137376168388e-05 2.3829064131255946e-06 0.19104041763952845 0.007098524617002371 0.0033039221251088442 0.21686202217943687 0.02226330542605834 68.77441994530099 134.52080005704588 0.023776924203285754 1.1014188203766087 0.012272692459093472 0.10302929937924542 332.96636292730267 311.9689860579425 12.434523571750397 10.046697584271424 17.262237875700134 0.004200935249205114 0.004111178080770648 0.00402392332819 10.272284915092412 0.8641092100822654 18027.45592379986 18529.103824592898 1.287742104045569 19556.630874236376 18257.742458109664 6496.675724684511 4564.2691416241405 6896.43010944448
R8 hot 2H 0.0007938412874489415 0.3392897670435441 2.48741202552615e+45 2.390926121595906e-05 7.530569328367849e-06 0.15532557322094548 0.025213529075897693 0.04647938613090662 0.22338232925568616 0.0703575113424834 202.23919923097154 488.7063071166079 0.029215229756283878 1.3525782920772365 0.042768160943462204 0.2872630555897255 332.96636292730267 311.9689860579425 12.434523571750397 10.046697584271424 17.262237875700134 0.004200935249205114 0.004111178080770648 0.00402392332819 10.272284915092412 0.8641092100822654 18027.45592379986 18529.103824592898 1.287742104045569 19556.630874236376 18257.742458109664 6496.675724684511 4564.2691416241405 6896.43010944448
R16 cool 2H 0.001828654868353923 0.03615494172655537 1.1201467333904558e+43 3.699170744619128e-05 2.5098819640399667e-08 18.84543704469811 0.13421727229891736 0.011024343975612496 18.20338777838878 0.012350972102561789 10.028593557540807 22.238509169030287 0.020254958834509194 0.9996689522645548 0.00015273209305759883 0.001653211102508964 695.3024099341668 686.2676552613524 6.471892034919495 6.0298505528203785 9.82063877636572 5.208397959122486e-05 5.309945962125398e-05 4.533347805825226e-05 2.4637463644607505 0.07341970013708972 668.0876682894535 636.8055233870949 0.0884320941623626 647.1932709434409 633.9492602061046 1305096.8456818634 38680.4593262995 73376.0603463971
R16 int 2H 1.7647225074049607e-05 0.0020051926722854077 2.6243296764262203e+42 3.8066843199552243e-07 2.6983354574658195e-08 0.18186573907518416 0.006784312965345229 0.002582832426851856 0.18732455355529096 0.013278339952238065 32.00592747655914 95.01476698318386 0.02211312190933774 1.0915958623969246 0.008411824534188449 0.09144590005086645 695.3024099341668 686.2676552613524 6.471892034919495 6.0298505528203785 9.82063877636572 5.208397959122486e-05 5.309945962125398e-05 4.533347805825226e-05 2.4637463644607505 0.07341970013708972 668.0876682894535 636.8055233870949 0.0884320941623626 647.1932709434409 633.9492602061046 1305096.8456818634 38680.4593262995 73376.0603463971
R16 hot 2H 5.099345460850993e-06 0.004590383916584018 1.6694074986823032e+43 1.5788362933425936e-07 6.111019509170867e-08 0.052551958007329744 0.01351236813569054 0.01643009969348842 0.07769354612277661 0.030071944640173653 104.45849756344973 401.19145739392195 0.029494851650207713 1.4563039717855224 0.029685636041921242 0.3127140594990619 695.3024099341668 686.2676552613524 6.471892034919495 6.0298505528203785 9.82063877636572 5.208397959122486e-05 5.309945962125398e-05 4.533347805825226e-05 2.4637463644607505 0.07341970013708972 668.0876682894535 636.8055233870949 0.0884320941623626 647.1932709434409 633.9492602061046 1305096.8456818634 38680.4593262995 73376.0603463971
LGR2 cool 2H 0.2682754578966393 20.639473011042202 2.4754448328045846e+46 0.009604922345414633 0.001270022198572418 0.5649600552012687 0.016507792272523556 0.004978441653358559 0.9658374294593174 0.12770899456683765 67.59914435565994 92.81098201670945 0.036629843795019455 1.1335724906652067 0.025562114000718214 0.13921574212470011 318.3247224506862 312.6984253821342 31.206083271438622 24.836350056841482 40.39249692378447 0.46852893468979406 0.4503531290710355 0.42203918343587526 89.17180741689104 5.208660714823166 824353.860416033 874709.9767106301 12.887125589143343 946489.149131748 862734.4004296429 1152.7970393476874 3725.099728407203 9030.080360849905
LGR2 int 2H 0.016388232726700248 2.742982109392879 6.990835627788828e+45 0.000647151034879113 0.00014525010004224476 0.03451190406501881 0.0021938825107056187 0.0014059480065946749 0.06507524678718235 0.014605842526200487 135.38004658466232 194.17896352881107 0.039557173225965386 1.227422971352586 0.04295203765890642 0.21825609862219877 318.3247224506862 312.6984253821342 31.206083271438622 24.836350056841482 40.39249692378447 0.46852893468979406 0.4503531290710355 0.42203918343587526 89.17180741689104 5.208660714823166 824353.860416033 874709.9767106301 12.887125589143343 946489.149131748 862734.4004296429 1152.7970393476874 3725.099728407203 9030.080360849905
LGR2 hot 2H 0.030145415399014514 21.121239780519424 2.4950874644067053e+47 0.0016358313120817419 0.0007901031190317466 0.06348309189897673 0.016893117312076645 0.05017945541327973 0.16449348080823942 0.07945000886526882 367.10271088487747 796.9645112541588 0.05164865177777351 1.6115721815463753 0.11492696028184869 0.4384616536572488 318.3247224506862 312.6984253821342 31.206083271438622 24.836350056841482 40.39249692378447 0.46852893468979406 0.4503531290710355 0.42203918343587526 89.17180741689104 5.208660714823166 824353.860416033 874709.9767106301 12.887125589143343 946489.149131748 862734.4004296429 1152.7970393476874 3725.099728407203 9030.080360849905
LGR4 cool 2H 0.10871242316167465 5.430961140758867 4.242137106998508e+45 0.0030297346683004676 0.00019447876692034788 1.2100104198554067 0.022902066083006687 0.0045091845115499815 1.610229973221289 0.10336071436444501 36.273207708196416 54.09501160950032 0.028628289777613482 1.0623335362852881 0.009685174402968474 0.06769791936181371 387.3250260421575 382.9179945089562 22.58755117255205 18.804617172038505 27.852966334259506 0.08887609150098501 0.08433438389718234 0.07486230009272679 43.47297442039376 2.1630342696230036 162340.85135458564 166252.7919580142 5.204134658181372 195447.94867745842 164130.98083385068 2222.810732191973 4783.959151098817 11184.037791737986
LGR4 int 2H 0.005680542576010066 0.7224252825956656 1.5025164526108106e+45 0.00016989839407479271 2.2495813986648498e-05 0.06322658908248523 0.0030371418573069014 0.0015971015894993969 0.09029684658652169 0.011955975660941845 84.85084702837206 147.37442545825837 0.030411549705246423 1.1285847954030148 0.019696438479960447 0.1300846803722764 387.3250260421575 382.9179945089562 22.58755117255205 18.804617172038505 27.852966334259506 0.08887609150098501 0.08433438389718234 0.07486230009272679 43.47297442039376 2.1630342696230036 162340.85135458564 166252.7919580142 5.204134658181372 195447.94867745842 164130.98083385068 2222.810732191973 4783.959151098817 11184.037791737986
LGR4 hot 2H 0.007225303632258922 3.793585287904229 3.224920622040162e+46 0.00027850894325659724 9.919450791979707e-05 0.08042036436489396 0.015810508589534734 0.03427933080213559 0.14802070060264588 0.052719458077493044 245.2461050829656 557.9424988387386 0.03776517407725463 1.4031615762582472 0.06077068177976794 0.32535612394131697 387.3250260421575 382.9179945089562 22.58755117255205 18.804617172038505 27.852966334259506 0.08887609150098501 0.08433438389718234 0.07486230009272679 43.47297442039376 2.1630342696230036 162340.85135458564 166252.7919580142 5.204134658181372 195447.94867745842 164130.98083385068 2222.810732191973 4783.959151098817 11184.037791737986
LGR8 cool 2H 0.012413840695608311 0.49222309956566573 2.5614606967853692e+44 0.00027840781778138356 8.840925226837885e-06 3.9243806973947866 0.05648995365306795 0.00773314282000901 4.202616537923958 0.13345537084750095 22.222824583533964 37.58947082171104 0.02225117314915537 1.0247601912579698 0.0028282536210267398 0.027088783779728207 521.1116704383827 512.7009491938508 11.564050064308818 10.003416493000904 15.036975303727356 0.0029805199945048483 0.002833776994317071 0.0026050953685872675 10.907142964847779 0.37809175762066355 8930.046710549703 8615.046005973403 0.680429252700919 9422.514268629386 8555.704795893773 8922.35619104418 9669.105159656954 15550.457006722978
LGR8 int 2H 0.0005899031622906336 0.06149674289065558 1.1026275149782904e+44 1.395734997639492e-05 1.2252877522357148e-06 0.18648576537996772 0.007383642665339465 0.0033288724911140896 0.2106887310271218 0.018495940998700708 51.83550648367975 129.2546609777701 0.024209512051512627 1.112986202212233 0.013808740544592213 0.11084589764998815 521.1116704383827 512.7009491938508 11.564050064308818 10.003416493000904 15.036975303727356 0.0029805199945048483 0.002833776994317071 0.0026050953685872675 10.907142964847779 0.37809175762066355 8930.046710549703 8615.046005973403 0.680429252700919 9422.514268629386 8555.704795893773 8922.35619104418 9669.105159656954 15550.457006722978
LGR8 hot 2H 0.0005327719194557961 0.23488454913637513 1.518059110362577e+45 1.560230234550526e-05 4.440948193043756e-06 0.16842489670146696 0.027456749479242485 0.045830755569986 0.23551958558289704 0.06703691896613541 136.60811549561987 379.0580426879152 0.028375848320825285 1.306036812539002 0.03479420447014998 0.25717925250505175 521.1116704383827 512.7009491938508 11.564050064308818 10.003416493000904 15.036975303727356 0.0029805199945048483 0.002833776994317071 0.0026050953685872675 10.907142964847779 0.37809175762066355 8930.046710549703 8615.046005973403 0.680429252700919 9422.514268629386 8555.704795893773 8922.35619104418 9669.105159656954 15550.457006722978
R2 cool 500 0.37414318134551966 35.91417057158467 5.800431706263333e+46 0.014836592490397177 0.0028363204697782894 0.3447482138444757 0.012568505055275774 0.005104202306271071 0.652787356542073 0.12479375860536118 90.9423921720201 124.29332998308735 0.040809153218006385 1.195835499441471 0.0387114869441284 0.19294756303230676 273.2994663468055 265.27609862928944 44.751524309354274 33.48573162381315 56.15299548977673 1.0128490233250682 0.9462298569908225 0.6209404312811817 90.4520295097832 8.666028462054959 1931547.6181467553 1999669.1099207122 28.33548791620517 2504334.718900553 1953626.727787721 1522.9744654874164 5654.344679684638 14081.90350080876
R2 int 500 0.04883639270184413 8.714097329975562 2.4682219087302487e+46 0.0020347440741567235 0.0005092760791269968 0.0449995081936825 0.003049581115221907 0.002171959708675824 0.08952562431488993 0.022407367841274714 157.32537749724858 219.86325329499672 0.04304145100525902 1.262108461161317 0.052223998917896794 0.24598572599625462 273.2994663468055 265.27609862928944 44.751524309354274 33.48573162381315 56.15299548977673 1.0128490233250682 0.9462298569908225 0.6209404312811817 90.4520295097832 8.666028462054959 1931547.6181467553 1999669.1099207122 28.33548791620517 2504334.718900553 1953626.727787721 1522.9744654874164 5654.344679684638 14081.90350080876
R2 hot 500 0.10484435589885285 105.82929658111225 1.7571400067519447e+48 0.007059322706538731 0.004255886953114425 0.09660714461724848 0.03703596736070462 0.15462294065491525 0.3105993921152367 0.18725251068691245 517.4009982265983 1197.3063958682058 0.06564969746281064 1.9420842696238454 0.18881677466206886 0.5708682506506846 273.2994663468055 265.27609862928944 44.751524309354274 33.48573162381315 56.15299548977673 1.0128490233250682 0.9462298569908225 0.6209404312811817 90.4520295097832 8.666028462054959 1931547.6181467553 1999669.1099207122 28.33548791620517 2504334.718900553 1953626.727787721 1522.9744654874164 5654.344679684638 14081.90350080876
R4 cool 500 0.10933318211538044 7.132855305346129 7.261788109202815e+45 0.003432427730512369 0.00039290253732619264 0.8949540618830291 0.022175108961807345 0.005676696809113468 1.3416014934819653 0.15357020518855588 59.50536457237413 80.89939916877887 0.033244272954437715 1.1043969679404642 0.017984883801081205 0.10879280419207198 298.6480565109715 289.15013299682505 31.88679896065182 24.44298216752751 37.55609910925201 0.13824136890042807 0.12935114507403772 0.11567460051321496 32.905142705320486 2.4129019685679367 280233.7596762385 300982.0169147311 7.465778141227856 371940.8003731755 294911.95313509007 942.6136538926158 1986.4281413235456 4600.777384861967
R4 int 500 0.01274114345271911 1.7268204972228869 3.748181368488994e+45 0.0004298085890391311 7.147838232921668e-05 0.10429348040023112 0.005368457797636717 0.0029300344342897394 0.16799533456752463 0.027938098632665866 112.56442905695968 167.32080292870478 0.03469709250621526 1.153600701915355 0.026518697918271127 0.15414169563568603 298.6480565109715 289.15013299682505 31.88679896065182 24.44298216752751 37.55609910925201 0.13824136890042807 0.12935114507403772 0.11567460051321496 32.905142705320486 2.4129019685679367 280233.7596762385 300982.0169147311 7.465778141227856 371940.8003731755 294911.95313509007 942.6136538926158 1986.4281413235456 4600.777384861967
