tables/table-std.ecsv
# %ECSV 0.9
# ---
# datatype:
# - {name: model, datatype: string}
# - {name: phase, datatype: string}
# - {name: z, datatype: string}
# - {name: mass, unit: solMass / (kpc2 yr), datatype: float64}
# - {name: mom_kin, datatype: float64}
# - {name: energy, unit: erg / (kpc2 yr), datatype: float64}
# - {name: metal, unit: solMass / (kpc2 yr), datatype: float64}
# - {name: metal_sn, unit: solMass / (kpc2 yr), datatype: float64}
# - {name: mass_loading, datatype: float64}
# - {name: mom_loading, datatype: float64}
# - {name: energy_loading, datatype: float64}
# - {name: metal_loading, datatype: float64}
# - {name: metal_sn_loading, datatype: float64}
# - {name: vout_flux, unit: km / s, datatype: float64}
# - {name: vB, unit: km / s, datatype: float64}
# - {name: Z, datatype: float64}
# - {name: enrichment, datatype: float64}
# - {name: fmass_sn, datatype: float64}
# - {name: fmetal_sn, datatype: float64}
# - {name: H, unit: pc, datatype: float64}
# - {name: H_2p, unit: pc, datatype: float64}
# - {name: v3, unit: km / s, datatype: float64}
# - {name: v3_2p, unit: km / s, datatype: float64}
# - {name: sigma_eff, unit: km / s, datatype: float64}
# - {name: sfr10, unit: solMass / (kpc2 yr), datatype: float64}
# - {name: sfr40, unit: solMass / (kpc2 yr), datatype: float64}
# - {name: sfr100, unit: solMass / (kpc2 yr), datatype: float64}
# - {name: surf, unit: solMass / pc2, datatype: float64}
# - {name: nmid_2p, unit: 1 / cm3, datatype: float64}
# - {name: Pmid_2p, unit: K / cm3, datatype: float64}
# - {name: W_2p, unit: K / cm3, datatype: float64}
# - {name: tdep10, unit: Myr, datatype: float64}
# - {name: tdep40, unit: Myr, datatype: float64}
# - {name: tdep100, unit: Myr, datatype: float64}
# meta: !!omap
# - __serialized_columns__:
#     H:
#       __class__: astropy.units.quantity.Quantity
#       unit: &id001 !astropy.units.Unit {unit: pc}
#       value: !astropy.table.SerializedColumn {name: H}
#     H_2p:
#       __class__: astropy.units.quantity.Quantity
#       unit: *id001
#       value: !astropy.table.SerializedColumn {name: H_2p}
#     Pmid_2p:
#       __class__: astropy.units.quantity.Quantity
#       unit: !astropy.units.Unit {unit: K / cm3}
#       value: !astropy.table.SerializedColumn {name: Pmid_2p}
#     W_2p:
#       __class__: astropy.units.quantity.Quantity
#       unit: !astropy.units.Unit {unit: K / cm3}
#       value: !astropy.table.SerializedColumn {name: W_2p}
#     Z:
#       __class__: astropy.units.quantity.Quantity
#       unit: !astropy.units.Unit {unit: ''}
#       value: !astropy.table.SerializedColumn {name: Z}
#     energy:
#       __class__: astropy.units.quantity.Quantity
#       unit: !astropy.units.Unit {unit: erg / (kpc2 yr)}
#       value: !astropy.table.SerializedColumn {name: energy}
#     energy_loading:
#       __class__: astropy.units.quantity.Quantity
#       unit: !astropy.units.Unit {unit: ''}
#       value: !astropy.table.SerializedColumn {name: energy_loading}
#     enrichment:
#       __class__: astropy.units.quantity.Quantity
#       unit: !astropy.units.Unit {unit: ''}
#       value: !astropy.table.SerializedColumn {name: enrichment}
#     fmass_sn:
#       __class__: astropy.units.quantity.Quantity
#       unit: !astropy.units.Unit {unit: ''}
#       value: !astropy.table.SerializedColumn {name: fmass_sn}
#     fmetal_sn:
[...]
#     surf:
#       __class__: astropy.units.quantity.Quantity
#       unit: !astropy.units.Unit {unit: solMass / pc2}
#       value: !astropy.table.SerializedColumn {name: surf}
#     tdep10:
#       __class__: astropy.units.quantity.Quantity
#       unit: &id002 !astropy.units.Unit {unit: Myr}
#       value: !astropy.table.SerializedColumn {name: tdep10}
#     tdep100:
#       __class__: astropy.units.quantity.Quantity
#       unit: *id002
#       value: !astropy.table.SerializedColumn {name: tdep100}
#     tdep40:
#       __class__: astropy.units.quantity.Quantity
#       unit: *id002
#       value: !astropy.table.SerializedColumn {name: tdep40}
#     v3:
#       __class__: astropy.units.quantity.Quantity
#       unit: !astropy.units.Unit {unit: km / s}
#       value: !astropy.table.SerializedColumn {name: v3}
#     v3_2p:
#       __class__: astropy.units.quantity.Quantity
#       unit: !astropy.units.Unit {unit: km / s}
#       value: !astropy.table.SerializedColumn {name: v3_2p}
#     vB:
#       __class__: astropy.units.quantity.Quantity
#       unit: !astropy.units.Unit {unit: km / s}
#       value: !astropy.table.SerializedColumn {name: vB}
#     vout_flux:
#       __class__: astropy.units.quantity.Quantity
#       unit: !astropy.units.Unit {unit: km / s}
#       value: !astropy.table.SerializedColumn {name: vout_flux}
# schema: astropy-2.0
model phase z mass mom_kin energy metal metal_sn mass_loading mom_loading energy_loading metal_loading metal_sn_loading vout_flux vB Z enrichment fmass_sn fmetal_sn H H_2p v3 v3_2p sigma_eff sfr10 sfr40 sfr100 surf nmid_2p Pmid_2p W_2p tdep10 tdep40 tdep100
[from data line 27]
R8 cool 2H nan nan nan nan nan 1.7499331583548912 0.04300226046625604 0.003690812373619729 1.873323333188772 0.09402434793231265 nan nan nan nan nan nan 89.81543614232115 87.62299426087435 2.8779640820078165 1.5008449470603025 3.1138990025412623 0.0032485881860480708 0.001780172349453084 0.0012846899549829346 0.8417187583257848 0.273268432364206 3782.5925565539505 2367.905795415592 8249.916887972215 5756.201666727724 12786.449176126302
R8 int 2H nan nan nan nan nan 0.11869296814391991 0.008873946079446441 0.002078752783972518 0.1346960061483409 0.013883729699308258 nan nan nan nan nan nan 89.81543614232115 87.62299426087435 2.8779640820078165 1.5008449470603025 3.1138990025412623 0.0032485881860480708 0.001780172349453084 0.0012846899549829346 0.8417187583257848 0.273268432364206 3782.5925565539505 2367.905795415592 8249.916887972215 5756.201666727724 12786.449176126302
R8 hot 2H nan nan nan nan nan 0.10399189416387263 0.04132726853692021 0.04708526751946287 0.15964429603529873 0.06051528348095326 nan nan nan nan nan nan 89.81543614232115 87.62299426087435 2.8779640820078165 1.5008449470603025 3.1138990025412623 0.0032485881860480708 0.001780172349453084 0.0012846899549829346 0.8417187583257848 0.273268432364206 3782.5925565539505 2367.905795415592 8249.916887972215 5756.201666727724 12786.449176126302
R16 cool 2H 0.001750370503877606 0.026976425014702224 1.1372052329292734e+43 3.541547972359921e-05 3.651481802030688e-08 24.529194892759985 0.3466535717204561 0.014921483105200403 23.697449841519436 0.023466228832419875 4.249127023059869 3.3772125719625636 7.124238830869808e-05 0.003939397490944311 0.00022665106620818677 0.0022655969885791833 284.1683537118717 282.580607701835 2.1207918106940737 1.9428840744339921 2.230722640251719 8.087436585365126e-05 6.220280669325451e-05 4.5233490424368e-05 0.017402585862300732 0.03711385914212497 327.13468350699856 133.19777784675068 nan nan nan
R16 int 2H 2.144722804029712e-05 0.0014451985660184703 3.9210028673602866e+42 4.6004857164262473e-07 3.215925141602768e-08 0.2986031617127562 0.02240404925880689 0.004846638500538503 0.30601953394391196 0.021814282807737558 18.462333054242176 22.721309999430275 0.0007602312484497591 0.037902354847800114 0.005409300004874643 0.03370858073069913 284.1683537118717 282.580607701835 2.1207918106940737 1.9428840744339921 2.230722640251719 8.087436585365126e-05 6.220280669325451e-05 4.5233490424368e-05 0.017402585862300732 0.03711385914212497 327.13468350699856 133.19777784675068 nan nan nan
R16 hot 2H 7.602471527951721e-06 0.0012722015253571394 2.597352513064941e+43 2.296160356697232e-07 8.96317323457107e-08 0.10028708338496178 0.04823118009620059 0.03629472508912981 0.14873224902101817 0.06195050002633606 nan nan nan nan 0.030290543166491 nan 284.1683537118717 282.580607701835 2.1207918106940737 1.9428840744339921 2.230722640251719 8.087436585365126e-05 6.220280669325451e-05 4.5233490424368e-05 0.017402585862300732 0.03711385914212497 327.13468350699856 133.19777784675068 nan nan nan
LGR2 cool 2H 0.2121157052743686 16.61243896271154 2.1651054388414773e+46 0.007734257317174226 0.0009975026366730085 0.5662578833094796 0.03379545742348956 0.005498541988057286 0.9825360883695002 0.12716489753207877 21.178594466554284 22.104829431469987 0.0037887898024569796 0.03270205265823361 0.00591155695169167 0.029343077206286674 108.46472292872626 110.32833873514305 8.410262702776395 6.912881553201707 8.09628748569199 0.3997251672294661 0.2605248080517323 0.19008758484403876 30.833762077182204 6.477037154425974 481757.9475451725 287040.8703720723 2353.0077193134707 9172.375067143183 22944.990857223096
LGR2 int 2H 0.009633995906887563 1.6963802536868202 4.9892082432224735e+45 0.00039205391539730495 9.24757737884334e-05 0.027907198123587953 0.0038046902296731294 0.001319933658259665 0.0537791774148064 0.012462315674658381 29.006916394874526 24.86468212927245 0.0033813710861815838 0.0493279536229755 0.007344207790180052 0.036702688322665114 108.46472292872626 110.32833873514305 8.410262702776395 6.912881553201707 8.09628748569199 0.3997251672294661 0.2605248080517323 0.19008758484403876 30.833762077182204 6.477037154425974 481757.9475451725 287040.8703720723 2353.0077193134707 9172.375067143183 22944.990857223096
LGR2 hot 2H 0.016569047138070173 8.632685429963812 1.9124264869040175e+47 0.0009888937423739755 0.000548685795393119 0.04820626983160695 0.028240333555590618 0.048038790548090356 0.13287081769494438 0.07060690984241032 111.83060480690308 172.32054625248654 0.005266586097912515 0.18270403724625817 0.030082366983893365 0.08230032120755092 108.46472292872626 110.32833873514305 8.410262702776395 6.912881553201707 8.09628748569199 0.3997251672294661 0.2605248080517323 0.19008758484403876 30.833762077182204 6.477037154425974 481757.9475451725 287040.8703720723 2353.0077193134707 9172.375067143183 22944.990857223096
LGR4 cool 2H 0.09546705523177391 5.143352520599362 4.636415009305596e+45 0.002557261106985969 0.0001871061627601814 1.294999494900269 0.0530905025780877 0.005845517036912815 1.6777561038464348 0.12256190650308707 12.897921882219025 13.349943055514082 0.0018861495883421597 0.023044560883008734 0.003327451060419361 0.022350191616265103 181.97578336073894 184.64498394419624 6.238022134458319 5.549936302243897 6.5837021498365464 0.08997074678872954 0.04460336380831012 0.02897453614567163 8.96087129193133 2.9133562393387367 111946.15774621732 40305.29765793044 3562.2430853268684 11219.394638794443 27956.784517031334
LGR4 int 2H 0.0044645085698915106 0.5472638934891084 1.368289801359436e+45 0.00012953493084091774 1.891428615221349e-05 0.06207953721317051 0.006314873781605161 0.0017564982339983804 0.08697025751584582 0.012379793192040734 28.77549412226365 24.242267081914026 0.0020052137761652775 0.03300589899156712 0.004947088826626824 0.028415679709661128 181.97578336073894 184.64498394419624 6.238022134458319 5.549936302243897 6.5837021498365464 0.08997074678872954 0.04460336380831012 0.02897453614567163 8.96087129193133 2.9133562393387367 111946.15774621732 40305.29765793044 3562.2430853268684 11219.394638794443 27956.784517031334
LGR4 hot 2H 0.005329642453181018 1.8457056203789348 2.912719789083093e+46 0.00020890704397613332 8.181200293613852e-05 0.07534738002100695 0.032680644186165 0.03755580762863557 0.14050752894193363 0.05364489834710777 97.69004862446772 146.2424280338175 0.002937261965621241 0.10894411628307671 0.01707621770288552 0.06180445714655143 181.97578336073894 184.64498394419624 6.238022134458319 5.549936302243897 6.5837021498365464 0.08997074678872954 0.04460336380831012 0.02897453614567163 8.96087129193133 2.9133562393387367 111946.15774621732 40305.29765793044 3562.2430853268684 11219.394638794443 27956.784517031334
LGR8 cool 2H 0.013649126162839888 0.5248546978145535 3.314193145156815e+44 0.0003069471201124689 1.0420350889656334e-05 5.330242087004252 0.15784447528110412 0.011861142464677555 5.716967278792286 0.18987659638304663 11.99998840126601 11.342912893849745 0.0006305594326883985 0.008937548030427034 0.001263822414156623 0.00941382595713289 202.7856621872356 205.49850495474203 4.464691969547453 3.4193754730342114 4.535013865655958 0.002720449029910604 0.001855608090005225 0.0011527725396909502 0.7483199595280006 0.24914007826192985 4113.914858659325 1109.6338729186425 8696.09530694433 14606.569135023117 32797.27170267543
LGR8 int 2H 0.0007119884314639824 0.06146898866241535 1.396931807545657e+44 1.688253096597196e-05 1.509499168413117e-06 0.2722503136856186 0.021913186847688185 0.00503824233631044 0.30836397983851344 0.02752042892439057 27.30405646291095 26.028647497145318 0.001341538815033364 0.05247354806102757 0.006448260206147515 0.04511412302573727 202.7856621872356 205.49850495474203 4.464691969547453 3.4193754730342114 4.535013865655958 0.002720449029910604 0.001855608090005225 0.0011527725396909502 0.7483199595280006 0.24914007826192985 4113.914858659325 1109.6338729186425 8696.09530694433 14606.569135023117 32797.27170267543
LGR8 hot 2H 0.0006991619018613641 0.19066983217943517 2.180037223630255e+45 2.0646385979353898e-05 6.032358689197684e-06 0.26049660815063685 0.08650040955839092 0.07610113317385922 0.36700252889118046 0.10685546045627711 89.20308843986012 130.4424118154383 0.001773504218882131 0.08594432251339702 0.012529970729156842 0.052234259076396665 202.7856621872356 205.49850495474203 4.464691969547453 3.4193754730342114 4.535013865655958 0.002720449029910604 0.001855608090005225 0.0011527725396909502 0.7483199595280006 0.24914007826192985 4113.914858659325 1109.6338729186425 8696.09530694433 14606.569135023117 32797.27170267543
R2 cool 500 0.17713925158679825 16.0025984564333 3.047158598521713e+46 0.006403727333178086 0.001467640828448807 0.19921715339598836 0.014036193938681383 0.0032926870003717242 0.35107494407085016 0.0781223586898183 20.18555890343692 21.04548746746165 0.004610704697454581 0.06108801307271629 0.009450637896334064 0.048976213260066015 101.6273794498178 99.49616836970239 13.733226377746268 9.209239067999842 14.319674502327093 0.9082483330390646 0.441409083097844 0.2865941762959308 27.71670716948816 16.558288669481538 1293144.2918601974 441678.3279011253 3065.9538548475393 12182.53443233161 30477.56906814246
R2 int 500 0.02341216108918488 4.005971623340082 1.341728062698164e+46 0.0008763154973574305 0.0002638142763176899 0.026792514514554666 0.0036651420708803395 0.0014143429119110452 0.0489719286517484 0.01416236133531918 23.07838371552644 21.17220318486387 0.004667561519535997 0.06625887968709025 0.009056385971147147 0.0463079641251216 101.6273794498178 99.49616836970239 13.733226377746268 9.209239067999842 14.319674502327093 0.9082483330390646 0.441409083097844 0.2865941762959308 27.71670716948816 16.558288669481538 1293144.2918601974 441678.3279011253 3065.9538548475393 12182.53443233161 30477.56906814246
R2 hot 500 0.049219899421393085 30.485878701689334 1.1200242462843626e+48 0.0035179601634483795 0.0024267511389714606 0.05523210041902478 0.045290485063314796 0.11378649702421251 0.18661020608376522 0.1252177739843054 85.79872729514808 199.08556584139475 0.006994745037400526 0.2582680895619185 0.03686427383093073 0.07163815717633634 101.6273794498178 99.49616836970239 13.733226377746268 9.209239067999842 14.319674502327093 0.9082483330390646 0.441409083097844 0.2865941762959308 27.71670716948816 16.558288669481538 1293144.2918601974 441678.3279011253 3065.9538548475393 12182.53443233161 30477.56906814246
R4 cool 500 0.08779342670331224 5.627630335042195 6.334034447530997e+45 0.0025594318038367307 0.00035670059864255935 0.9733746457549872 0.04786786451034096 0.006570516383517163 1.384485973015131 0.18286683498708156 12.915337345019841 13.497437171436413 0.0020032754519287484 0.04276903705858302 0.006655014197032087 0.04053302406663476 107.89835999213936 109.51310948749088 7.643962429372892 6.7149257789063626 8.330554329344006 0.1419939883731653 0.08556510672465809 0.05407720941942362 7.836276411077936 5.954895675716032 265877.8814064833 72620.76129254303 1292.8012908572366 4105.4754541299135 10292.429550169341
R4 int 500 0.007258290890005128 0.959281133380133 2.4892955183022738e+45 0.00022584535458837067 4.859127485520541e-05 0.09089803179129095 0.009651854437864144 0.002773053450329784 0.1407169678779815 0.02684459169079099 16.811558070281478 14.801211280642375 0.001747485231484553 0.04595786343874677 0.006056001202771489 0.038486027555796415 107.89835999213936 109.51310948749088 7.643962429372892 6.7149257789063626 8.330554329344006 0.1419939883731653 0.08556510672465809 0.05407720941942362 7.836276411077936 5.954895675716032 265877.8814064833 72620.76129254303 1292.8012908572366 4105.4754541299135 10292.429550169341
R4 hot 500 0.011985120458260293 7.03699594368657 1.7650363915040947e+47 0.0006853521502748241 0.00044352535352858277 0.16033959121955052 0.09817093599114042 0.1810821981980896 0.4020438382265722 0.2318462095587946 79.2298099735752 160.20433287389437 0.004364294289440464 0.219629692268145 0.030303418333715144 0.09284742115034103 107.89835999213936 109.51310948749088 7.643962429372892 6.7149257789063626 8.330554329344006 0.1419939883731653 0.08556510672465809 0.05407720941942362 7.836276411077936 5.954895675716032 265877.8814064833 72620.76129254303 1292.8012908572366 4105.4754541299135 10292.429550169341
R8 cool 500 nan nan nan nan nan 2.6364347981361798 0.05663369788182742 0.00450491516176455 2.81381303162484 0.11524639734814933 nan nan nan nan nan nan 89.81543614232115 87.62299426087435 2.8779640820078165 1.5008449470603025 3.1138990025412623 0.0032485881860480708 0.001780172349453084 0.0012846899549829346 0.8417187583257848 0.273268432364206 3782.5925565539505 2367.905795415592 8249.916887972215 5756.201666727724 12786.449176126302
R8 int 500 nan nan nan nan nan 0.12725107926007864 0.009731726188576527 0.0025333236086497652 0.14355896663851575 0.014781745341913089 nan nan nan nan nan nan 89.81543614232115 87.62299426087435 2.8779640820078165 1.5008449470603025 3.1138990025412623 0.0032485881860480708 0.001780172349453084 0.0012846899549829346 0.8417187583257848 0.273268432364206 3782.5925565539505 2367.905795415592 8249.916887972215 5756.201666727724 12786.449176126302
R8 hot 500 nan nan nan nan nan 0.11864093730751724 0.0496549083323298 0.059883184197804404 0.1843475661421185 0.07361302851770932 nan nan nan nan nan nan 89.81543614232115 87.62299426087435 2.8779640820078165 1.5008449470603025 3.1138990025412623 0.0032485881860480708 0.001780172349453084 0.0012846899549829346 0.8417187583257848 0.273268432364206 3782.5925565539505 2367.905795415592 8249.916887972215 5756.201666727724 12786.449176126302
R16 cool 500 0.0039008808836394006 0.04140157022628334 2.1543323945505449e+43 7.901637221982819e-05 1.0653681096729951e-07 66.26804717197993 0.8084941362721916 0.03137143177201847 64.06134026852148 0.06273843264271423 2.572623681216308 3.130829902086634 0.00015517643902367604 0.005821293652190223 0.000500920279921912 0.0047484564342360645 284.1683537118717 282.580607701835 2.1207918106940737 1.9428840744339921 2.230722640251719 8.087436585365126e-05 6.220280669325451e-05 4.5233490424368e-05 0.017402585862300732 0.03711385914212497 327.13468350699856 133.19777784675068 nan nan nan
R16 int 500 9.539964197798106e-05 0.004679915088513478 1.2142426387295814e+43 2.034234090913554e-06 1.0672784729101744e-07 1.2503891985958158 0.07928981283068366 0.014895794257458567 1.2740143617666388 0.06779778332598597 14.02676462298589 18.720201766428556 0.0007937639057121877 0.03960599361313571 0.004837655762641675 0.03417374925298222 284.1683537118717 282.580607701835 2.1207918106940737 1.9428840744339921 2.230722640251719 8.087436585365126e-05 6.220280669325451e-05 4.5233490424368e-05 0.017402585862300732 0.03711385914212497 327.13468350699856 133.19777784675068 nan nan nan
R16 hot 500 4.390425455908824e-05 0.008341669517308407 2.342516179573504e+44 1.3527241749998104e-06 5.4134776583952e-07 0.5837631754017296 0.30596489238050845 0.2969387075208612 0.8661251170273465 0.34911786637947784 64.02537764309936 211.4470819303512 0.0062832744505018495 0.3094948658311231 0.03906812667620001 0.12004079268372897 284.1683537118717 282.580607701835 2.1207918106940737 1.9428840744339921 2.230722640251719 8.087436585365126e-05 6.220280669325451e-05 4.5233490424368e-05 0.017402585862300732 0.03711385914212497 327.13468350699856 133.19777784675068 nan nan nan
