tables/table-mean-err.ecsv
# %ECSV 0.9
# ---
# datatype:
# - {name: model, datatype: string}
# - {name: phase, datatype: string}
# - {name: z, datatype: string}
# - {name: mass, unit: solMass / (kpc2 yr), datatype: float64}
# - {name: mom_kin, datatype: float64}
# - {name: energy, unit: erg / (kpc2 yr), datatype: float64}
# - {name: metal, unit: solMass / (kpc2 yr), datatype: float64}
# - {name: metal_sn, unit: solMass / (kpc2 yr), datatype: float64}
# - {name: mass_loading, datatype: float64}
# - {name: mom_kin_loading, datatype: float64}
# - {name: energy_loading, datatype: float64}
# - {name: metal_loading, datatype: float64}
# - {name: metal_sn_loading, datatype: float64}
# - {name: vout_flux, unit: km / s, datatype: float64}
# - {name: vB, unit: km / s, datatype: float64}
# - {name: Z, datatype: float64}
# - {name: enrichment, datatype: float64}
# - {name: fmass_sn, datatype: float64}
# - {name: fmetal_sn, datatype: float64}
# - {name: H, unit: pc, datatype: float64}
# - {name: H_2p, unit: pc, datatype: float64}
# - {name: v3, unit: km / s, datatype: float64}
# - {name: v3_2p, unit: km / s, datatype: float64}
# - {name: sigma_eff, unit: km / s, datatype: float64}
# - {name: sfr10, unit: solMass / (kpc2 yr), datatype: float64}
# - {name: sfr40, unit: solMass / (kpc2 yr), datatype: float64}
# - {name: sfr100, unit: solMass / (kpc2 yr), datatype: float64}
# - {name: surf, unit: solMass / pc2, datatype: float64}
# - {name: nmid_2p, unit: 1 / cm3, datatype: float64}
# - {name: Pmid_2p, unit: K / cm3, datatype: float64}
# - {name: W_2p, unit: K / cm3, datatype: float64}
# - {name: tdep10, unit: Myr, datatype: float64}
# - {name: tdep40, unit: Myr, datatype: float64}
# - {name: tdep100, unit: Myr, datatype: float64}
# meta: !!omap
# - __serialized_columns__:
#     H:
#       __class__: astropy.units.quantity.Quantity
#       unit: &id001 !astropy.units.Unit {unit: pc}
#       value: !astropy.table.SerializedColumn {name: H}
#     H_2p:
#       __class__: astropy.units.quantity.Quantity
#       unit: *id001
#       value: !astropy.table.SerializedColumn {name: H_2p}
#     Pmid_2p:
#       __class__: astropy.units.quantity.Quantity
#       unit: !astropy.units.Unit {unit: K / cm3}
#       value: !astropy.table.SerializedColumn {name: Pmid_2p}
#     W_2p:
#       __class__: astropy.units.quantity.Quantity
#       unit: !astropy.units.Unit {unit: K / cm3}
#       value: !astropy.table.SerializedColumn {name: W_2p}
#     Z:
#       __class__: astropy.units.quantity.Quantity
#       unit: !astropy.units.Unit {unit: ''}
#       value: !astropy.table.SerializedColumn {name: Z}
#     energy:
#       __class__: astropy.units.quantity.Quantity
#       unit: !astropy.units.Unit {unit: erg / (kpc2 yr)}
#       value: !astropy.table.SerializedColumn {name: energy}
#     energy_loading:
#       __class__: astropy.units.quantity.Quantity
#       unit: !astropy.units.Unit {unit: ''}
#       value: !astropy.table.SerializedColumn {name: energy_loading}
#     enrichment:
#       __class__: astropy.units.quantity.Quantity
#       unit: !astropy.units.Unit {unit: ''}
#       value: !astropy.table.SerializedColumn {name: enrichment}
#     fmass_sn:
#       __class__: astropy.units.quantity.Quantity
#       unit: !astropy.units.Unit {unit: ''}
#       value: !astropy.table.SerializedColumn {name: fmass_sn}
#     fmetal_sn:
[...]
#     surf:
#       __class__: astropy.units.quantity.Quantity
#       unit: !astropy.units.Unit {unit: solMass / pc2}
#       value: !astropy.table.SerializedColumn {name: surf}
#     tdep10:
#       __class__: astropy.units.quantity.Quantity
#       unit: &id002 !astropy.units.Unit {unit: Myr}
#       value: !astropy.table.SerializedColumn {name: tdep10}
#     tdep100:
#       __class__: astropy.units.quantity.Quantity
#       unit: *id002
#       value: !astropy.table.SerializedColumn {name: tdep100}
#     tdep40:
#       __class__: astropy.units.quantity.Quantity
#       unit: *id002
#       value: !astropy.table.SerializedColumn {name: tdep40}
#     v3:
#       __class__: astropy.units.quantity.Quantity
#       unit: !astropy.units.Unit {unit: km / s}
#       value: !astropy.table.SerializedColumn {name: v3}
#     v3_2p:
#       __class__: astropy.units.quantity.Quantity
#       unit: !astropy.units.Unit {unit: km / s}
#       value: !astropy.table.SerializedColumn {name: v3_2p}
#     vB:
#       __class__: astropy.units.quantity.Quantity
#       unit: !astropy.units.Unit {unit: km / s}
#       value: !astropy.table.SerializedColumn {name: vB}
#     vout_flux:
#       __class__: astropy.units.quantity.Quantity
#       unit: !astropy.units.Unit {unit: km / s}
#       value: !astropy.table.SerializedColumn {name: vout_flux}
# schema: astropy-2.0
model phase z mass mom_kin energy metal metal_sn mass_loading mom_kin_loading energy_loading metal_loading metal_sn_loading vout_flux vB Z enrichment fmass_sn fmetal_sn H H_2p v3 v3_2p sigma_eff sfr10 sfr40 sfr100 surf nmid_2p Pmid_2p W_2p tdep10 tdep40 tdep100
[from data line 27]
R8 cool 2H nan nan nan nan nan 0.6182849678173643 0.028868437302512363 0.001339247736884404 0.6619866198607892 0.03338257631538955 nan nan nan nan nan nan 29.938005305108433 29.336022067218515 1.0066728194912389 0.5019784908572134 1.1134337107158359 0.0011134601731257966 0.0005714543481571539 0.0004412068283668237 0.2904984710735647 0.09137448054094735 1339.4744426908044 838.0835989741488 3728.431317610258 5358.18455199649 13455.76426670641
R8 int 2H nan nan nan nan nan 0.04165883791208161 0.004629900491174543 0.0007259589229312044 0.04718268140965802 0.004904418783519812 nan nan nan nan nan nan 29.938005305108433 29.336022067218515 1.0066728194912389 0.5019784908572134 1.1134337107158359 0.0011134601731257966 0.0005714543481571539 0.0004412068283668237 0.2904984710735647 0.09137448054094735 1339.4744426908044 838.0835989741488 3728.431317610258 5358.18455199649 13455.76426670641
R8 hot 2H nan nan nan nan nan 0.034695597856887486 0.014256969897958436 0.016208870583145202 0.05283215517241749 0.0202088140727501 nan nan nan nan nan nan 29.938005305108433 29.336022067218515 1.0066728194912389 0.5019784908572134 1.1134337107158359 0.0011134601731257966 0.0005714543481571539 0.0004412068283668237 0.2904984710735647 0.09137448054094735 1339.4744426908044 838.0835989741488 3728.431317610258 5358.18455199649 13455.76426670641
R16 cool 2H 0.0008237744335589516 0.012887758201217693 5.416606373278126e+42 1.6668708239443475e-05 1.9386677843566137e-08 8.772128383525462 0.20353855169534346 0.005443822222605409 8.47540105718371 0.008210496261167665 2.0600642165055065 1.6621662762392067 3.8542283839600354e-05 0.0019590917596033408 0.00011833700453768787 0.0012678224802872482 92.80279255338999 92.4629898646163 0.6545999695269274 0.6103211056063973 0.6784132868939355 2.7442138701285807e-05 1.9564848463658247e-05 1.4246796377051617e-05 0.005632167274710099 0.012399397114482586 114.05692883328616 43.748461447729476 nan nan nan
R16 int 2H 1.1751434848417342e-05 0.0008873871909086695 2.6211001910855567e+42 2.5028832524856374e-07 1.9757954518858677e-08 0.11296909813465378 0.011956760473742115 0.002098154834200843 0.11529655245919916 0.009250418129660787 11.063596197586044 13.524845554853291 0.0004603312480101735 0.023119707349766136 0.0025935292308731863 0.020147935964565936 92.80279255338999 92.4629898646163 0.6545999695269274 0.6103211056063973 0.6784132868939355 2.7442138701285807e-05 1.9564848463658247e-05 1.4246796377051617e-05 0.005632167274710099 0.012399397114482586 114.05692883328616 43.748461447729476 nan nan nan
R16 hot 2H 4.598808878710378e-06 0.0007641874913718911 1.7346344612880966e+43 1.3289841531633147e-07 5.7354454749165316e-08 0.0431735792217869 0.010471125632044078 0.01571464155590252 0.059730590016618276 0.02534408641362868 nan nan nan nan 0.016739408076554593 nan 92.80279255338999 92.4629898646163 0.6545999695269274 0.6103211056063973 0.6784132868939355 2.7442138701285807e-05 1.9564848463658247e-05 1.4246796377051617e-05 0.005632167274710099 0.012399397114482586 114.05692883328616 43.748461447729476 nan nan nan
LGR2 cool 2H 0.1097208247470774 8.903675790444526 1.163876220355324e+46 0.004034912210807056 0.0005292601205655954 0.20373184921135057 0.024806006206796398 0.00204173945381808 0.3615890987132063 0.048733624246589106 11.147580566393625 11.828705953619954 0.0019154855207684574 0.016545242126932255 0.0029925838498847715 0.014771852650759044 35.95769879118931 36.62503689934696 2.773336129586379 2.257052306989999 2.6778302423622384 0.1490070687577885 0.09157545265147593 0.06554363995152118 10.30660447084105 2.302208953735295 173452.59330237185 97555.78847371819 1714.354271570075 6896.072696852527 17250.97050493138
LGR2 int 2H 0.0049647192548731844 0.8812918860959306 2.6545987313496647e+45 0.0002020007188156963 4.724210579399141e-05 0.009789466480529798 0.002541571718519828 0.00047327323469647343 0.019220163130362188 0.004474845891124705 14.362734857313459 12.897545829653437 0.0017217090434961334 0.025386976791304895 0.0037914533904946724 0.01885840222125468 35.95769879118931 36.62503689934696 2.773336129586379 2.257052306989999 2.6778302423622384 0.1490070687577885 0.09157545265147593 0.06554363995152118 10.30660447084105 2.302208953735295 173452.59330237185 97555.78847371819 1714.354271570075 6896.072696852527 17250.97050493138
LGR2 hot 2H 0.008383893403303288 4.416753294958876 9.75399298314928e+46 0.0004961542337227477 0.00027654595225283805 0.017019510001561912 0.012666389254915023 0.017321377276104975 0.04754239056943604 0.025371533490540898 60.80810714929083 90.38900823703108 0.002597099681897286 0.09662401792546825 0.015311554171998093 0.04291084150807129 35.95769879118931 36.62503689934696 2.773336129586379 2.257052306989999 2.6778302423622384 0.1490070687577885 0.09157545265147593 0.06554363995152118 10.30660447084105 2.302208953735295 173452.59330237185 97555.78847371819 1714.354271570075 6896.072696852527 17250.97050493138
LGR4 cool 2H 0.045932425044400496 2.560267418700679 2.3691409995211848e+45 0.001195705320828321 8.738898787710855e-05 0.4628075263555578 0.03828444817628047 0.0022137650891075676 0.5872064754784863 0.04280765182838057 5.780912165228185 5.942827398760527 0.0008180813817068315 0.01071026402216399 0.00148714475558437 0.010135472539747281 62.34946835292963 63.243964811240744 2.1588274270803556 1.9528728361016143 2.2630063247252172 0.03311661213260391 0.015075858040068696 0.010289255370687306 2.9087136642862563 0.9932698716829395 39267.80798945609 13145.428143738483 2069.949567823984 8354.833449256012 20914.558801777377
LGR4 int 2H 0.002001543815225467 0.2571208977757534 6.492224215703458e+44 5.697750480432169e-05 8.552450628224797e-06 0.02157427389816936 0.004006935882648835 0.0006328135813035718 0.029929179273764716 0.004337700722629907 11.944073717642544 10.33524921498657 0.0008643343630507547 0.0176336084431593 0.00251887857982225 0.014390951766539649 62.34946835292963 63.243964811240744 2.1588274270803556 1.9528728361016143 2.2630063247252172 0.03311661213260391 0.015075858040068696 0.010289255370687306 2.9087136642862563 0.9932698716829395 39267.80798945609 13145.428143738483 2069.949567823984 8354.833449256012 20914.558801777377
LGR4 hot 2H 0.002453880181695088 0.8434823491237614 1.3636607719699055e+46 9.525396155624904e-05 3.70523835080299e-05 0.026054576189862573 0.013475080862712756 0.013349316781233423 0.048644900703387145 0.018764143963654393 41.07959876872813 63.81597714453992 0.001357052178145779 0.04927807898008261 0.007773498773382583 0.027443445721914015 62.34946835292963 63.243964811240744 2.1588274270803556 1.9528728361016143 2.2630063247252172 0.03311661213260391 0.015075858040068696 0.010289255370687306 2.9087136642862563 0.9932698716829395 39267.80798945609 13145.428143738483 2069.949567823984 8354.833449256012 20914.558801777377
LGR8 cool 2H 0.006572752675253238 0.25954529355712114 1.654715099830615e+44 0.00014785230011827064 5.053506047615797e-06 1.9809745901425913 0.11387054808464993 0.004508526982135589 2.1249717507014756 0.07026752185221283 5.720547489480314 5.53223809421886 0.00029368507491288196 0.004550034869581033 0.0005888446535672187 0.0047425560119579106 65.67013664334966 66.45513549907646 1.6421039921572371 1.217008223733065 1.686378579018225 0.0009740707302783703 0.0006375170992756594 0.00038688617369729366 0.2526991293804882 0.08769193869754645 1453.8519178725955 360.5968183773357 3891.4327098236 11474.48015174552 28878.791357942802
LGR8 int 2H 0.00034863294466851825 0.031069549144209133 7.012964418798697e+43 8.274468529456603e-06 7.454628244439385e-07 0.10347032958151386 0.013634873442072629 0.0019406891305886712 0.11724397189315633 0.010574056097093 12.772080097313873 12.52222305993054 0.0006265250567310471 0.025283598170331996 0.003112279530943607 0.021548967717453744 65.67013664334966 66.45513549907646 1.6421039921572371 1.217008223733065 1.686378579018225 0.0009740707302783703 0.0006375170992756594 0.00038688617369729366 0.2526991293804882 0.08769193869754645 1453.8519178725955 360.5968183773357 3891.4327098236 11474.48015174552 28878.791357942802
LGR8 hot 2H 0.00035147556813917976 0.09936683729659561 1.1251350394428451e+45 1.0373867013483088e-05 3.0348666798482072e-06 0.09913355906321986 0.04148452641804848 0.029522972085299345 0.13966633907714454 0.04083157388310773 42.88882172370298 63.193395299473764 0.0009170029272105053 0.04535866030700749 0.005980142351814854 0.025277651259685577 65.67013664334966 66.45513549907646 1.6421039921572371 1.217008223733065 1.686378579018225 0.0009740707302783703 0.0006375170992756594 0.00038688617369729366 0.2526991293804882 0.08769193869754645 1453.8519178725955 360.5968183773357 3891.4327098236 11474.48015174552 28878.791357942802
R2 cool 500 0.08153672537812719 7.583292684529527 1.4736554917958886e+46 0.002930228657293826 0.0006969342529268713 0.06945157795045945 0.009784919231330213 0.001153265426659522 0.12249114974479665 0.026952337412652783 9.293625910053843 9.753366752829262 0.002041986874954905 0.028813787186467467 0.004519244725502679 0.023390532373728064 34.444565959795504 33.778467735874486 4.565138396345849 2.9985845735715277 4.822099333898491 0.3272227407077229 0.15713734928280637 0.0937872159898601 9.071114335505895 5.646693842950037 451267.98319769814 144248.9188646017 2696.1347054524035 10813.641833551836 27037.218821032944
R2 int 500 0.011337725616988193 1.9368971626977352 6.413856906026674e+45 0.0004218861155707624 0.00012829736561425202 0.009040489907734314 0.0023347790488048446 0.00048565310542968967 0.016690068411139743 0.004772629564625535 10.887808062792315 9.945359332474228 0.002074811204588939 0.030767934626870816 0.00423587536942353 0.02184078311372567 34.444565959795504 33.778467735874486 4.565138396345849 2.9985845735715277 4.822099333898491 0.3272227407077229 0.15713734928280637 0.0937872159898601 9.071114335505895 5.646693842950037 451267.98319769814 144248.9188646017 2696.1347054524035 10813.641833551836 27037.218821032944
R2 hot 500 0.02384906506039612 14.78677353327655 5.462454366983607e+47 0.0017211758746957615 0.0011787907345003322 0.019209633463421638 0.01778893830334409 0.04043618446189046 0.06561803385161595 0.044242001693421726 42.615681494084065 98.76489067050942 0.003504403791250923 0.11747456452143981 0.01811144959634126 0.03320498824339454 34.444565959795504 33.778467735874486 4.565138396345849 2.9985845735715277 4.822099333898491 0.3272227407077229 0.15713734928280637 0.0937872159898601 9.071114335505895 5.646693842950037 451267.98319769814 144248.9188646017 2696.1347054524035 10813.641833551836 27037.218821032944
R4 cool 500 0.05166406005293021 3.4539398611889376 3.888690816366421e+45 0.00147150097415112 0.0002109170789596028 0.354333216472384 0.03534367765696403 0.0024911212397897954 0.49840203107314185 0.06723548848993575 6.362831622223831 6.72625195741871 0.0010246802850521744 0.020681952654155254 0.0032245236207147695 0.01962400232465037 37.305067985761454 37.867803585077326 2.679721827911603 2.4062802514265984 2.910469084458263 0.05019438481111819 0.029498698332755896 0.018664424503403557 2.603553935062946 2.0005296911896 92944.81113092066 25222.775779238156 1229.728929274075 4922.411727797948 12323.930956094764
R4 int 500 0.0038936482629277364 0.5353975585439148 1.4041246453418574e+45 0.00011877153935243665 2.6091748747178548e-05 0.03196521426625114 0.006189330980094132 0.0010043022181245107 0.04931879738727952 0.009534483251642127 8.373738871714176 7.509990497167831 0.0008948353990964344 0.022390609609291054 0.0029146585652426306 0.01860854411669232 37.305067985761454 37.867803585077326 2.679721827911603 2.4062802514265984 2.910469084458263 0.05019438481111819 0.029498698332755896 0.018664424503403557 2.603553935062946 2.0005296911896 92944.81113092066 25222.775779238156 1229.728929274075 4922.411727797948 12323.930956094764
R4 hot 500 0.006456581303289038 4.052349997062284 1.074020873006569e+47 0.0003832820381241092 0.000264776149193826 0.057203983112936924 0.045032132894791695 0.06728358012475606 0.14447252454138745 0.08518998669383612 41.74698891375349 83.28008455066794 0.0022986872696889177 0.12338034731380247 0.016458850554218203 0.04879692882998464 37.305067985761454 37.867803585077326 2.679721827911603 2.4062802514265984 2.910469084458263 0.05019438481111819 0.029498698332755896 0.018664424503403557 2.603553935062946 2.0005296911896 92944.81113092066 25222.775779238156 1229.728929274075 4922.411727797948 12323.930956094764
R8 cool 500 nan nan nan nan nan 0.9392432348163924 0.03590577578564344 0.001571069509452306 1.0023810611907744 0.04040075551687546 nan nan nan nan nan nan 29.938005305108433 29.336022067218515 1.0066728194912389 0.5019784908572134 1.1134337107158359 0.0011134601731257966 0.0005714543481571539 0.0004412068283668237 0.2904984710735647 0.09137448054094735 1339.4744426908044 838.0835989741488 3728.431317610258 5358.18455199649 13455.76426670641
R8 int 500 nan nan nan nan nan 0.04473828628347861 0.005364440710637013 0.0009033858309845638 0.05053309848409801 0.005259844242538514 nan nan nan nan nan nan 29.938005305108433 29.336022067218515 1.0066728194912389 0.5019784908572134 1.1134337107158359 0.0011134601731257966 0.0005714543481571539 0.0004412068283668237 0.2904984710735647 0.09137448054094735 1339.4744426908044 838.0835989741488 3728.431317610258 5358.18455199649 13455.76426670641
R8 hot 500 nan nan nan nan nan 0.0398400255345656 0.017273893236576396 0.020298197969116756 0.061521916702840955 0.024617229767898298 nan nan nan nan nan nan 29.938005305108433 29.336022067218515 1.0066728194912389 0.5019784908572134 1.1134337107158359 0.0011134601731257966 0.0005714543481571539 0.0004412068283668237 0.2904984710735647 0.09137448054094735 1339.4744426908044 838.0835989741488 3728.431317610258 5358.18455199649 13455.76426670641
R16 cool 500 0.0017695212099148648 0.018805357109214493 9.768469546775994e+42 3.582411433146571e-05 7.255682750149142e-08 22.73850116437958 0.32803244882329274 0.010667690592907555 21.976593333692094 0.02926557988138627 1.2653193727302636 1.4577506540626517 9.489126978374215e-05 0.004489149736611366 0.00046222969078070703 0.00439964758735152 92.80279255338999 92.4629898646163 0.6545999695269274 0.6103211056063973 0.6784132868939355 2.7442138701285807e-05 1.9564848463658247e-05 1.4246796377051617e-05 0.005632167274710099 0.012399397114482586 114.05692883328616 43.748461447729476 nan nan nan
R16 int 500 4.554392237102287e-05 0.0022331002453905052 5.809076701010065e+42 9.69040569213703e-07 4.877211444615331e-08 0.4318828413167156 0.03147543244844079 0.0052792353923367666 0.4399164383085157 0.02306305556793856 6.713999723751743 9.452949020905995 0.0004998674832922415 0.02478957818118712 0.002692232353229727 0.019981227455125664 92.80279255338999 92.4629898646163 0.6545999695269274 0.6103211056063973 0.6784132868939355 2.7442138701285807e-05 1.9564848463658247e-05 1.4246796377051617e-05 0.005632167274710099 0.012399397114482586 114.05692883328616 43.748461447729476 nan nan nan
R16 hot 500 2.2048495108850504e-05 0.004296600392442621 1.37736819136899e+44 6.933411073091754e-07 2.908334157631111e-07 0.21113447780235156 0.060574805911704 0.11543564598362237 0.31474943031863567 0.1290632774800147 37.08341413087541 115.02445674441495 0.003613117307722439 0.17861158932854643 0.01837545452089936 0.06140500221085633 92.80279255338999 92.4629898646163 0.6545999695269274 0.6103211056063973 0.6784132868939355 2.7442138701285807e-05 1.9564848463658247e-05 1.4246796377051617e-05 0.005632167274710099 0.012399397114482586 114.05692883328616 43.748461447729476 nan nan nan
