tables/table-mean.ecsv
# %ECSV 0.9
# ---
# datatype:
# - name: model
#   datatype: string
# - name: phase
#   datatype: string
# - name: z
#   datatype: string
# - name: mass
#   unit: solMass / (kpc2 yr)
#   datatype: float64
# - name: mom
#   unit: km solMass / (kpc2 s yr)
#   datatype: float64
# - name: energy
#   unit: erg / (kpc2 yr)
#   datatype: float64
# - name: metal
#   unit: solMass / (kpc2 yr)
#   datatype: float64
# - name: metal_sn
#   unit: solMass / (kpc2 yr)
#   datatype: float64
# - name: mass_loading
#   datatype: float64
# - name: mom_loading
#   datatype: float64
# - name: energy_loading
#   datatype: float64
# - name: metal_loading
#   datatype: float64
# - name: metal_sn_loading
#   datatype: float64
# - name: vout
#   unit: km / s
#   datatype: float64
# - name: vB
#   unit: km / s
#   datatype: float64
# - name: Z
#   datatype: float64
# - name: enrichment
#   datatype: float64
# - name: fmass_sn
#   datatype: float64
# - name: fmetal_sn
#   datatype: float64
# - name: H
#   unit: pc
#   datatype: float64
# - name: H_2p
#   unit: pc
#   datatype: float64
# - name: v3
#   unit: km / s
#   datatype: float64
# - name: v3_2p
#   unit: km / s
#   datatype: float64
# - name: sfr10
#   unit: solMass / (kpc2 yr)
#   datatype: float64
# - name: sfr40
#   unit: solMass / (kpc2 yr)
#   datatype: float64
# - name: sfr100
#   unit: solMass / (kpc2 yr)
#   datatype: float64
# - name: surf
#   unit: solMass / pc2
#   datatype: float64
# - name: nmid
#   unit: 1 / cm3
#   datatype: float64
# - name: Pmid
#   unit: K / cm3
#   datatype: float64
# - name: W
#   unit: K / cm3
#   datatype: float64
# - name: nmid_2p
#   unit: 1 / cm3
#   datatype: float64
# - name: Pmid_2p
#   unit: K / cm3
#   datatype: float64
# - name: W_2p
#   unit: K / cm3
#   datatype: float64
# - name: tdep10
#   unit: Myr
#   datatype: float64
# - name: tdep40
#   unit: Myr
#   datatype: float64
# - name: tdep100
#   unit: Myr
#   datatype: float64
# meta: !!omap
# - __serialized_columns__:
#     H:
#       __class__: astropy.units.quantity.Quantity
#       unit: &id001 !astropy.units.Unit
#         unit: pc
#       value: !astropy.table.SerializedColumn
#         name: H
#     H_2p:
#       __class__: astropy.units.quantity.Quantity
#       unit: *id001
#       value: !astropy.table.SerializedColumn
#         name: H_2p
#     Pmid:
#       __class__: astropy.units.quantity.Quantity
#       unit: !astropy.units.Unit
#         unit: K / cm3
#       value: !astropy.table.SerializedColumn
#         name: Pmid
#     Pmid_2p:
#       __class__: astropy.units.quantity.Quantity
#       unit: !astropy.units.Unit
#         unit: K / cm3
#       value: !astropy.table.SerializedColumn
#         name: Pmid_2p
#     W:
#       __class__: astropy.units.quantity.Quantity
#       unit: !astropy.units.Unit
#         unit: K / cm3
#       value: !astropy.table.SerializedColumn
#         name: W
#     W_2p:
#       __class__: astropy.units.quantity.Quantity
#       unit: !astropy.units.Unit
#         unit: K / cm3
#       value: !astropy.table.SerializedColumn
#         name: W_2p
#     energy:
#       __class__: astropy.units.quantity.Quantity
#       unit: !astropy.units.Unit
#         unit: erg / (kpc2 yr)
#       value: !astropy.table.SerializedColumn
#         name: energy
#     mass:
[...]
#       unit: !astropy.units.Unit
#         unit: solMass / pc2
#       value: !astropy.table.SerializedColumn
#         name: surf
#     tdep10:
#       __class__: astropy.units.quantity.Quantity
#       unit: &id002 !astropy.units.Unit
#         unit: Myr
#       value: !astropy.table.SerializedColumn
#         name: tdep10
#     tdep100:
#       __class__: astropy.units.quantity.Quantity
#       unit: *id002
#       value: !astropy.table.SerializedColumn
#         name: tdep100
#     tdep40:
#       __class__: astropy.units.quantity.Quantity
#       unit: *id002
#       value: !astropy.table.SerializedColumn
#         name: tdep40
#     v3:
#       __class__: astropy.units.quantity.Quantity
#       unit: !astropy.units.Unit
#         unit: km / s
#       value: !astropy.table.SerializedColumn
#         name: v3
#     v3_2p:
#       __class__: astropy.units.quantity.Quantity
#       unit: !astropy.units.Unit
#         unit: km / s
#       value: !astropy.table.SerializedColumn
#         name: v3_2p
#     vB:
#       __class__: astropy.units.quantity.Quantity
#       unit: !astropy.units.Unit
#         unit: km / s
#       value: !astropy.table.SerializedColumn
#         name: vB
#     vout:
#       __class__: astropy.units.quantity.Quantity
#       unit: !astropy.units.Unit
#         unit: km / s
#       value: !astropy.table.SerializedColumn
#         name: vout
# schema: astropy-2.0
model phase z mass mom energy metal metal_sn mass_loading mom_loading energy_loading metal_loading metal_sn_loading vout vB Z enrichment fmass_sn fmetal_sn H H_2p v3 v3_2p sfr10 sfr40 sfr100 surf nmid Pmid W nmid_2p Pmid_2p W_2p tdep10 tdep40 tdep100
[from data line 50]
R8 hot 500 0.0009537275323018079 0.45028937937542485 3.6383855326002685e+45 2.9699330918774477e-05 1.0175833964539274e-05 0.22579926103857967 0.04104511581418426 0.08422373168511406 0.3384345583294436 0.11735456028526879 131.64272947856847 555.5029102550503 0.030512592572619755 1.4119780931575614 0.050050716672259306 0.3188471925005151 332.96636292730267 311.9689860579425 12.434523571750397 10.046697584271424 0.004200935249205114 0.004111178080770648 0.00402392332819 10.272284915092412 0.8641092100822654 18027.45592379986 18529.103824592898 1.287742104045569 19556.630874236376 18257.742458109664 6496.675724684511 4564.2691416241405 6896.43010944448
R16 cool 500 0.0061481350551954896 0.09260130109472645 2.822781397400021e+43 0.00012440132098768728 5.5770620341736146e-08 80.71549676127061 0.42141291069834896 0.030740101852823814 77.88848349018924 0.020409557568822602 4.9173325119259905 20.470489557652062 0.020267543930430173 1.000383426379805 0.0002561453560618953 0.0025217507731688364 695.3024099341668 686.2676552613524 6.471892034919495 6.0298505528203785 5.208397959122486e-05 5.309945962125398e-05 4.533347805825226e-05 2.4637463644607505 0.07341970013708972 668.0876682894535 636.8055233870949 0.0884320941623626 647.1932709434409 633.9492602061046 1305096.8456818634 38680.4593262995 73376.0603463971
R16 int 500 8.558444941013313e-05 0.007521034050829224 9.928783415619605e+42 1.8279828955511171e-06 1.0011979611448006e-07 0.8206484637777066 0.02663744933598754 0.008730983042932733 0.8362977535209243 0.04677391029506792 21.755864220324497 98.26621351777186 0.021672270683835378 1.0697827883319935 0.007180440490606089 0.07006455802249252 695.3024099341668 686.2676552613524 6.471892034919495 6.0298505528203785 5.208397959122486e-05 5.309945962125398e-05 4.533347805825226e-05 2.4637463644607505 0.07341970013708972 668.0876682894535 636.8055233870949 0.0884320941623626 647.1932709434409 633.9492602061046 1305096.8456818634 38680.4593262995 73376.0603463971
R16 hot 500 3.7178305887404086e-05 0.029218582397901323 1.7822948485260997e+44 1.166562503185576e-06 4.57764188499203e-07 0.3488274539592013 0.0976627739981391 0.1487145406372521 0.5208460065940401 0.20387725220028427 71.1079922954995 579.140919803126 0.031569051280098286 1.5581529361591693 0.052737893938640715 0.36326034642429095 695.3024099341668 686.2676552613524 6.471892034919495 6.0298505528203785 5.208397959122486e-05 5.309945962125398e-05 4.533347805825226e-05 2.4637463644607505 0.07341970013708972 668.0876682894535 636.8055233870949 0.0884320941623626 647.1932709434409 633.9492602061046 1305096.8456818634 38680.4593262995 73376.0603463971
LGR2 cool 500 0.37875922250744437 23.92679478906648 2.5911081758007223e+46 0.013198917280089865 0.0012933784071953757 0.760594203669395 0.01767088483408775 0.004672465828920758 1.3061092683849669 0.13436093321581277 34.06588449919525 82.63733884487466 0.035875698996976034 1.1098366884458473 0.02106235610862429 0.11642484163531258 318.3247224506862 312.6984253821342 31.206083271438622 24.836350056841482 0.46852893468979406 0.4503531290710355 0.42203918343587526 89.17180741689104 5.208660714823166 824353.860416033 874709.9767106301 12.887125589143343 946489.149131748 862734.4004296429 1152.7970393476874 3725.099728407203 9030.080360849905
LGR2 int 500 0.0209522390812604 3.2006450654636653 7.906356107497856e+45 0.0008131063975113934 0.00016679683394955233 0.04993882832041454 0.002784514422779726 0.0016632809823456233 0.09590616540209305 0.018697240930039695 87.28144355065331 185.93241404639008 0.03889886143700769 1.206936545249681 0.039018796890605105 0.2021206185390625 318.3247224506862 312.6984253821342 31.206083271438622 24.836350056841482 0.46852893468979406 0.4503531290710355 0.42203918343587526 89.17180741689104 5.208660714823166 824353.860416033 874709.9767106301 12.887125589143343 946489.149131748 862734.4004296429 1152.7970393476874 3725.099728407203 9030.080360849905
LGR2 hot 500 0.041270626019315686 34.232842383105286 4.775915230474342e+47 0.0024340041749009427 0.0013054852532861322 0.1103201691850354 0.03205936217001646 0.10475769625903963 0.3021015201115391 0.14630124349311024 238.3934338527147 921.0133638734017 0.05463245360851175 1.7015862980803007 0.13284128650155608 0.4735128734848423 318.3247224506862 312.6984253821342 31.206083271438622 24.836350056841482 0.46852893468979406 0.4503531290710355 0.42203918343587526 89.17180741689104 5.208660714823166 824353.860416033 874709.9767106301 12.887125589143343 946489.149131748 862734.4004296429 1152.7970393476874 3725.099728407203 9030.080360849905
LGR4 cool 500 0.24957954119912487 10.0512624849292 6.592870623049604e+45 0.006891822823173206 0.0002200389275627232 2.566490780725788 0.0386507263774298 0.0063288171006744874 3.44445024694054 0.12623623388192023 22.579467721890982 55.34524063894907 0.02837719160598178 1.0541878380792666 0.008525609855774838 0.06004552175632346 387.3250260421575 382.9179945089562 22.58755117255205 18.804617172038505 0.08887609150098501 0.08433438389718234 0.07486230009272679 43.47297442039376 2.1630342696230036 162340.85135458564 166252.7919580142 5.204134658181372 195447.94867745842 164130.98083385068 2222.810732191973 4783.959151098817 11184.037791737986
LGR4 int 500 0.009327345905355151 1.124805908513718 2.2499112563469038e+45 0.00028380898730832676 3.385033569205627e-05 0.11114251628698038 0.004933036146376575 0.0024353743726116704 0.16140139493074065 0.01874732711705978 63.328097673779006 149.38530303845477 0.030139960648867065 1.1194067632915046 0.0184005451237998 0.12230243233657348 387.3250260421575 382.9179945089562 22.58755117255205 18.804617172038505 0.08887609150098501 0.08433438389718234 0.07486230009272679 43.47297442039376 2.1630342696230036 162340.85135458564 166252.7919580142 5.204134658181372 195447.94867745842 164130.98083385068 2222.810732191973 4783.959151098817 11184.037791737986
LGR4 hot 500 0.015063964551302869 9.410014561554402 9.54482799829309e+46 0.0006335824554713766 0.0002578186300033936 0.18806233992402183 0.042337448384836975 0.10244470890852937 0.3667832647942093 0.14116525399979415 194.52302535939938 700.8720030599609 0.039842454953293666 1.4793090238656224 0.07453358792759718 0.3661238816019795 387.3250260421575 382.9179945089562 22.58755117255205 18.804617172038505 0.08887609150098501 0.08433438389718234 0.07486230009272679 43.47297442039376 2.1630342696230036 162340.85135458564 166252.7919580142 5.204134658181372 195447.94867745842 164130.98083385068 2222.810732191973 4783.959151098817 11184.037791737986
LGR8 cool 500 0.03161534335082226 0.7056506375648723 2.9922599061448703e+44 0.000692112145437402 6.468020152600886e-06 11.115080120109889 0.0771705439097244 0.007419662926559591 11.607095852245314 0.07348838363677637 8.774527528641842 28.731645566212386 0.021991237514406556 1.0115474709325167 0.0014315713420023986 0.013067325522151617 521.1116704383827 512.7009491938508 11.564050064308818 10.003416493000904 0.0029805199945048483 0.002833776994317071 0.0026050953685872675 10.907142964847779 0.37809175762066355 8930.046710549703 8615.046005973403 0.680429252700919 9422.514268629386 8555.704795893773 8922.35619104418 9669.105159656954 15550.457006722978
LGR8 int 500 0.0007438668321449399 0.07446074422957022 1.2867303221879156e+44 1.745463101038094e-05 1.4110708087745872e-06 0.2407980949351112 0.00858360950914268 0.0035282384914596667 0.2674953921254666 0.019932810390112455 34.91109268492328 121.5923084214815 0.02374467871654449 1.092406755760916 0.01098149111220244 0.09106354975044814 521.1116704383827 512.7009491938508 11.564050064308818 10.003416493000904 0.0029805199945048483 0.002833776994317071 0.0026050953685872675 10.907142964847779 0.37809175762066355 8930.046710549703 8615.046005973403 0.680429252700919 9422.514268629386 8555.704795893773 8922.35619104418 9669.105159656954 15550.457006722978
LGR8 hot 500 0.0008543503008382084 0.4327108766957021 3.1119935792972916e+45 2.5945211543562232e-05 8.22281071655835e-06 0.27587561652162207 0.051530745377455424 0.08747212440232156 0.39077540791996973 0.11790310186370581 114.87963386005205 501.740544743573 0.029335535105211932 1.3514898851917738 0.04055579049761249 0.28291454666491495 521.1116704383827 512.7009491938508 11.564050064308818 10.003416493000904 0.0029805199945048483 0.002833776994317071 0.0026050953685872675 10.907142964847779 0.37809175762066355 8930.046710549703 8615.046005973403 0.680429252700919 9422.514268629386 8555.704795893773 8922.35619104418 9669.105159656954 15550.457006722978
R2 cool 1000 0.1917907633699689 23.882217549734325 4.301700389373634e+46 0.007865100312177156 0.0019948002230794496 0.17894711258149099 0.008862548353416067 0.004104309333480465 0.3668529812986175 0.08974418195622186 71.53313532148614 141.84900957858648 0.04273238571870528 1.248636178769474 0.05052887588219697 0.23709150248471636 273.2994663468055 265.27609862928944 44.751524309354274 33.48573162381315 1.0128490233250682 0.9462298569908225 0.6209404312811817 90.4520295097832 8.666028462054959 1931547.6181467553 1999669.1099207122 28.33548791620517 2504334.718900553 1953626.727787721 1522.9744654874164 5654.344679684638 14081.90350080876
R2 int 1000 0.02836504746577073 5.807730624075306 1.6821062484518414e+46 0.0012521545314664077 0.00037185991052973537 0.027073984348598513 0.0021662006919774333 0.00158978863414329 0.05942670812284204 0.016981181252582998 123.27152541753435 224.69001217974747 0.04475866706499342 1.3103092933874865 0.06274204055610932 0.28177617611287137 273.2994663468055 265.27609862928944 44.751524309354274 33.48573162381315 1.0128490233250682 0.9462298569908225 0.6209404312811817 90.4520295097832 8.666028462054959 1931547.6181467553 1999669.1099207122 28.33548791620517 2504334.718900553 1953626.727787721 1522.9744654874164 5654.344679684638 14081.90350080876
R2 hot 1000 0.060608918733145896 47.98633154457007 6.4098207066577885e+47 0.0037091444950094845 0.0019101740205073464 0.06080859375880758 0.018570535112234037 0.06320015178572135 0.18309551026525694 0.09309716710802204 265.8470634004159 828.2023967011872 0.056394988149306824 1.6539614240550944 0.13337019955455243 0.4667560983649619 273.2994663468055 265.27609862928944 44.751524309354274 33.48573162381315 1.0128490233250682 0.9462298569908225 0.6209404312811817 90.4520295097832 8.666028462054959 1931547.6181467553 1999669.1099207122 28.33548791620517 2504334.718900553 1953626.727787721 1522.9744654874164 5654.344679684638 14081.90350080876
R4 cool 1000 0.05520281416239117 4.482698933657017 5.17608365615698e+45 0.00182162435309674 0.00031767508093394787 0.42068534822846054 0.013307190051044724 0.003912978244219907 0.6931091240495989 0.10922763363058614 53.1743113748921 97.58825410663849 0.03495147811093773 1.161126011504383 0.02804379060743752 0.16109771226827663 298.6480565109715 289.15013299682505 31.88679896065182 24.44298216752751 0.13824136890042807 0.12935114507403772 0.11567460051321496 32.905142705320486 2.4129019685679367 280233.7596762385 300982.0169147311 7.465778141227856 371940.8003731755 294911.95313509007 942.6136538926158 1986.4281413235456 4600.777384861967
R4 int 1000 0.007827194093993045 1.195437692406894 2.6261804985309072e+45 0.00027474370124417897 5.763660729552706e-05 0.06827586223296553 0.003927180743430834 0.002137654549887159 0.11865431656119235 0.022404609254904277 95.90970891207043 175.06771223685436 0.03608030326691655 1.1996671421229077 0.034671298159350855 0.193177628683219 298.6480565109715 289.15013299682505 31.88679896065182 24.44298216752751 0.13824136890042807 0.12935114507403772 0.11567460051321496 32.905142705320486 2.4129019685679367 280233.7596762385 300982.0169147311 7.465778141227856 371940.8003731755 294911.95313509007 942.6136538926158 1986.4281413235456 4600.777384861967
R4 hot 1000 0.013838921888425533 7.562820160522815 6.919880568523365e+46 0.000608517734436538 0.000235753348244873 0.13825386340844503 0.026507721306002794 0.05529399988549099 0.2859501728594744 0.09666122439317373 215.49149422823695 585.299683002561 0.042067623025062305 1.4057294009664945 0.06977715152656398 0.32702116628595684 298.6480565109715 289.15013299682505 31.88679896065182 24.44298216752751 0.13824136890042807 0.12935114507403772 0.11567460051321496 32.905142705320486 2.4129019685679367 280233.7596762385 300982.0169147311 7.465778141227856 371940.8003731755 294911.95313509007 942.6136538926158 1986.4281413235456 4600.777384861967
R8 cool 1000 0.0046846719181620824 0.18192613462281604 1.249725641734841e+44 0.0001082472197501059 7.591463849393003e-06 1.209803373677113 0.01781192262044062 0.0030456239201398986 1.3390132336325957 0.09371017398651946 22.46188109990529 51.611362599764334 0.023121222071138675 1.0709303349824775 0.008598833146573876 0.07383891206624764 332.96636292730267 311.9689860579425 12.434523571750397 10.046697584271424 0.004200935249205114 0.004111178080770648 0.00402392332819 10.272284915092412 0.8641092100822654 18027.45592379986 18529.103824592898 1.287742104045569 19556.630874236376 18257.742458109664 6496.675724684511 4564.2691416241405 6896.43010944448
R8 int 1000 0.0007453343911375443 0.07424211450004949 1.336972579602205e+44 1.786458781973712e-05 1.9433476147436808e-06 0.18977440159836137 0.007128024503501372 0.0032008593021157624 0.2176914128465808 0.02355097086731715 41.642336466900076 133.76199494062166 0.02388772392973592 1.1065761110778505 0.01289343966165642 0.10781027941686835 332.96636292730267 311.9689860579425 12.434523571750397 10.046697584271424 0.004200935249205114 0.004111178080770648 0.00402392332819 10.272284915092412 0.8641092100822654 18027.45592379986 18529.103824592898 1.287742104045569 19556.630874236376 18257.742458109664 6496.675724684511 4564.2691416241405 6896.43010944448
R8 hot 1000 0.000703905657395121 0.2689731176989438 1.7038110631063877e+45 2.0406391742355044e-05 5.75655754857279e-06 0.17933162831368904 0.02672787635506202 0.04367881182774776 0.2503597994206876 0.0718664556492921 96.17582586657143 430.93591465249955 0.028149554178057663 1.303190679275121 0.03679485390777743 0.25770016153198577 332.96636292730267 311.9689860579425 12.434523571750397 10.046697584271424 0.004200935249205114 0.004111178080770648 0.00402392332819 10.272284915092412 0.8641092100822654 18027.45592379986 18529.103824592898 1.287742104045569 19556.630874236376 18257.742458109664 6496.675724684511 4564.2691416241405 6896.43010944448
R16 cool 1000 0.003953224263273335 0.07238412196484084 1.971565137228424e+43 8.000064950678224e-05 1.1061234728047093e-08 58.346069591110144 0.3624119380225765 0.024427370661119458 56.270273161738174 0.008628518803256467 7.232561649593518 21.557336429718966 0.020216438987483914 0.9977413737858166 7.937533049006032e-05 0.0009028819837495466 695.3024099341668 686.2676552613524 6.471892034919495 6.0298505528203785 5.208397959122486e-05 5.309945962125398e-05 4.533347805825226e-05 2.4637463644607505 0.07341970013708972 668.0876682894535 636.8055233870949 0.0884320941623626 647.1932709434409 633.9492602061046 1305096.8456818634 38680.4593262995 73376.0603463971
