tables/table-std.ecsv
# %ECSV 0.9
# ---
# datatype:
# - {name: model, datatype: string}
# - {name: phase, datatype: string}
# - {name: z, datatype: string}
# - {name: mass, unit: solMass / (kpc2 yr), datatype: float64}
# - {name: mom, unit: km solMass / (kpc2 s yr), datatype: float64}
# - {name: energy, unit: erg / (kpc2 yr), datatype: float64}
# - {name: metal, unit: solMass / (kpc2 yr), datatype: float64}
# - {name: metal_sn, unit: solMass / (kpc2 yr), datatype: float64}
# - {name: mass_loading, datatype: float64}
# - {name: mom_loading, datatype: float64}
# - {name: energy_loading, datatype: float64}
# - {name: metal_loading, datatype: float64}
# - {name: metal_sn_loading, datatype: float64}
# - {name: vout_flux, unit: km / s, datatype: float64}
# - {name: vB, unit: km / s, datatype: float64}
# - {name: Z, datatype: float64}
# - {name: enrichment, datatype: float64}
# - {name: fmass_sn, datatype: float64}
# - {name: fmetal_sn, datatype: float64}
# - {name: H, unit: pc, datatype: float64}
# - {name: H_2p, unit: pc, datatype: float64}
# - {name: v3, unit: km / s, datatype: float64}
# - {name: v3_2p, unit: km / s, datatype: float64}
# - {name: sigma_eff, unit: km / s, datatype: float64}
# - {name: sfr10, unit: solMass / (kpc2 yr), datatype: float64}
# - {name: sfr40, unit: solMass / (kpc2 yr), datatype: float64}
# - {name: sfr100, unit: solMass / (kpc2 yr), datatype: float64}
# - {name: surf, unit: solMass / pc2, datatype: float64}
# - {name: nmid, unit: 1 / cm3, datatype: float64}
# - {name: Pmid, unit: K / cm3, datatype: float64}
# - {name: W, unit: K / cm3, datatype: float64}
# - {name: nmid_2p, unit: 1 / cm3, datatype: float64}
# - {name: Pmid_2p, unit: K / cm3, datatype: float64}
# - {name: W_2p, unit: K / cm3, datatype: float64}
# - {name: tdep10, unit: Myr, datatype: float64}
# - {name: tdep40, unit: Myr, datatype: float64}
# - {name: tdep100, unit: Myr, datatype: float64}
# meta: !!omap
# - __serialized_columns__:
#     H:
#       __class__: astropy.units.quantity.Quantity
#       unit: &id001 !astropy.units.Unit {unit: pc}
#       value: !astropy.table.SerializedColumn {name: H}
#     H_2p:
#       __class__: astropy.units.quantity.Quantity
#       unit: *id001
#       value: !astropy.table.SerializedColumn {name: H_2p}
#     Pmid:
#       __class__: astropy.units.quantity.Quantity
#       unit: !astropy.units.Unit {unit: K / cm3}
#       value: !astropy.table.SerializedColumn {name: Pmid}
#     Pmid_2p:
#       __class__: astropy.units.quantity.Quantity
#       unit: !astropy.units.Unit {unit: K / cm3}
#       value: !astropy.table.SerializedColumn {name: Pmid_2p}
#     W:
#       __class__: astropy.units.quantity.Quantity
#       unit: !astropy.units.Unit {unit: K / cm3}
#       value: !astropy.table.SerializedColumn {name: W}
#     W_2p:
#       __class__: astropy.units.quantity.Quantity
#       unit: !astropy.units.Unit {unit: K / cm3}
#       value: !astropy.table.SerializedColumn {name: W_2p}
#     Z:
#       __class__: astropy.units.quantity.Quantity
#       unit: !astropy.units.Unit {unit: ''}
#       value: !astropy.table.SerializedColumn {name: Z}
#     energy:
#       __class__: astropy.units.quantity.Quantity
#       unit: !astropy.units.Unit {unit: erg / (kpc2 yr)}
#       value: !astropy.table.SerializedColumn {name: energy}
#     energy_loading:
[...]
#     surf:
#       __class__: astropy.units.quantity.Quantity
#       unit: !astropy.units.Unit {unit: solMass / pc2}
#       value: !astropy.table.SerializedColumn {name: surf}
#     tdep10:
#       __class__: astropy.units.quantity.Quantity
#       unit: &id002 !astropy.units.Unit {unit: Myr}
#       value: !astropy.table.SerializedColumn {name: tdep10}
#     tdep100:
#       __class__: astropy.units.quantity.Quantity
#       unit: *id002
#       value: !astropy.table.SerializedColumn {name: tdep100}
#     tdep40:
#       __class__: astropy.units.quantity.Quantity
#       unit: *id002
#       value: !astropy.table.SerializedColumn {name: tdep40}
#     v3:
#       __class__: astropy.units.quantity.Quantity
#       unit: !astropy.units.Unit {unit: km / s}
#       value: !astropy.table.SerializedColumn {name: v3}
#     v3_2p:
#       __class__: astropy.units.quantity.Quantity
#       unit: !astropy.units.Unit {unit: km / s}
#       value: !astropy.table.SerializedColumn {name: v3_2p}
#     vB:
#       __class__: astropy.units.quantity.Quantity
#       unit: !astropy.units.Unit {unit: km / s}
#       value: !astropy.table.SerializedColumn {name: vB}
#     vout_flux:
#       __class__: astropy.units.quantity.Quantity
#       unit: !astropy.units.Unit {unit: km / s}
#       value: !astropy.table.SerializedColumn {name: vout_flux}
# schema: astropy-2.0
model phase z mass mom energy metal metal_sn mass_loading mom_loading energy_loading metal_loading metal_sn_loading vout_flux vB Z enrichment fmass_sn fmetal_sn H H_2p v3 v3_2p sigma_eff sfr10 sfr40 sfr100 surf nmid Pmid W nmid_2p Pmid_2p W_2p tdep10 tdep40 tdep100
[from data line 48]
R8 cool 500 0.013181419079865026 0.383513862917652 2.3561520070404852e+44 0.00029439580956376176 1.1926449001468883e-05 3.3734568312164903 0.03232872727385249 0.00458025093602625 3.62489568144028 0.1366150362556745 8.245032877300327 10.421806671542647 0.0006126822860127761 0.010755651927228655 0.0013096092488396704 0.011009711319024642 95.76887024182327 93.4080225203925 3.1804912254967506 1.618323927554126 3.461796728568263 0.003509093921488071 0.0018953546805013607 0.0013913821599619998 0.8958900311079586 0.25136660741982286 4371.845274251732 2629.834167149538 0.2940521035508978 4211.270976854283 2549.6768560633773 11571.493547774962 16345.908949996521 41180.888324233754
R8 int 500 0.0005794042936389662 0.05940667811952186 1.2647999167957068e+44 1.3666350739334018e-05 1.4265490234375788e-06 0.15940095463625206 0.005680574492322978 0.0028507335973756635 0.17988819458690525 0.016938397752304844 17.646036966294965 21.23871982835852 0.0007518481090287535 0.02154542573739995 0.0026308589868436275 0.019531098370499916 95.76887024182327 93.4080225203925 3.1804912254967506 1.618323927554126 3.461796728568263 0.003509093921488071 0.0018953546805013607 0.0013913821599619998 0.8958900311079586 0.25136660741982286 4371.845274251732 2629.834167149538 0.2940521035508978 4211.270976854283 2549.6768560633773 11571.493547774962 16345.908949996521 41180.888324233754
R8 hot 500 0.0005547654990298521 0.33038515134632845 3.324269638424334e+45 1.8338004045611566e-05 7.71822213471371e-06 0.19547818382447488 0.04480563602528837 0.10951472973395215 0.31790593015926594 0.13300758623622422 67.60485068229556 150.96209654831452 0.0038713090885155667 0.1605965690114721 0.020350022825320113 0.07545155900352433 95.76887024182327 93.4080225203925 3.1804912254967506 1.618323927554126 3.461796728568263 0.003509093921488071 0.0018953546805013607 0.0013913821599619998 0.8958900311079586 0.25136660741982286 4371.845274251732 2629.834167149538 0.2940521035508978 4211.270976854283 2549.6768560633773 11571.493547774962 16345.908949996521 41180.888324233754
R16 cool 500 0.004324064950297762 0.06580956884669212 2.4032045347396606e+43 8.75759437038859e-05 1.7485793142047174e-07 68.26437836485711 0.3031114632386363 0.022580320173873063 65.82326860561804 0.04951670522013533 2.9456013281813536 3.5926641504866366 0.0002483049829387044 0.01154152250201784 0.0012087841364089042 0.011373544801997967 302.39262220510943 300.8366204594404 2.2550609621879065 2.080621870002977 2.3558870088178887 9.295708015672751e-05 6.832358067613016e-05 4.840915827222778e-05 0.01873501649929709 0.04661829567955481 395.52625935357344 143.531995735644 0.04030752375545402 360.7053227734048 142.40733333590296 9896236.366940368 42357.834481068414 111862.84324039367
R16 int 500 0.00011522691387639968 0.009623023856182236 1.5222660657830807e+43 2.455672848661513e-06 1.2625032229427765e-07 0.6947893929459462 0.021250294848812086 0.00871404464257605 0.7018169060663377 0.037246146381279994 16.125358057257504 22.110497373472867 0.0011600284222454621 0.05756891253299831 0.006580112360882829 0.04702527644722855 302.39262220510943 300.8366204594404 2.2550609621879065 2.080621870002977 2.3558870088178887 9.295708015672751e-05 6.832358067613016e-05 4.840915827222778e-05 0.01873501649929709 0.04661829567955481 395.52625935357344 143.531995735644 0.04030752375545402 360.7053227734048 142.40733333590296 9896236.366940368 42357.834481068414 111862.84324039367
R16 hot 500 5.669576917961103e-05 0.043113330599376984 3.4095352511684644e+44 1.767493624152853e-06 7.328730173979228e-07 0.3230420161207951 0.09087067460139212 0.19277785109895135 0.4793786136509402 0.21775314097241694 78.22857728943232 264.48266386068 0.008265684285464387 0.4080612278428404 0.048034842873056934 0.14307585361647937 302.39262220510943 300.8366204594404 2.2550609621879065 2.080621870002977 2.3558870088178887 9.295708015672751e-05 6.832358067613016e-05 4.840915827222778e-05 0.01873501649929709 0.04661829567955481 395.52625935357344 143.531995735644 0.04030752375545402 360.7053227734048 142.40733333590296 9896236.366940368 42357.834481068414 111862.84324039367
LGR2 cool 500 0.3643877174809112 24.9895582322668 2.8488731256803264e+46 0.012970919018419088 0.0012150140379049762 0.5614815448030162 0.013361700090906042 0.0036342603132268033 0.9832379767958458 0.09534730217254976 19.00117138904086 20.55849120975625 0.004390934100937582 0.04154848982157938 0.008217017076327965 0.04075608507158105 119.40132328247 121.38184090256244 9.14357059920107 7.475341231622266 8.860244722104646 0.44142015937295176 0.2788871913253419 0.20609880238810585 32.95951885361561 4.730292176822964 523245.8044548742 307833.86416708404 7.342526084507511 550585.7154372552 309819.67059909494 5477.540218580101 22028.543315953804 55116.09446233182
LGR2 int 500 0.014146647343611957 2.388561121682474 6.419871040265424e+45 0.0005736106609855077 0.0001203945821665879 0.0322688499466917 0.001786028863138614 0.0010608748037340644 0.06803796069807315 0.011998585742513416 27.87936167744116 24.91491914064869 0.003764461318124903 0.051626145514051584 0.007116542542221544 0.039151642752348226 119.40132328247 121.38184090256244 9.14357059920107 7.475341231622266 8.860244722104646 0.44142015937295176 0.2788871913253419 0.20609880238810585 32.95951885361561 4.730292176822964 523245.8044548742 307833.86416708404 7.342526084507511 550585.7154372552 309819.67059909494 5477.540218580101 22028.543315953804 55116.09446233182
LGR2 hot 500 0.025201593151178883 27.518649547394897 4.79518808432509e+47 0.0018134517225550121 0.001167286855821574 0.08614281089347182 0.025005044180050503 0.09156762093097597 0.2404669715376376 0.11622322981980945 146.93589677165954 253.92461404547947 0.008735775738947462 0.2607591271751918 0.049354672210690634 0.11176394638321392 119.40132328247 121.38184090256244 9.14357059920107 7.475341231622266 8.860244722104646 0.44142015937295176 0.2788871913253419 0.20609880238810585 32.95951885361561 4.730292176822964 523245.8044548742 307833.86416708404 7.342526084507511 550585.7154372552 309819.67059909494 5477.540218580101 22028.543315953804 55116.09446233182
LGR4 cool 500 0.3197848404003984 11.878418611086678 7.471295325075712e+45 0.008359257340711966 0.00024936594291335583 2.55664262150134 0.03540983034969596 0.005455473147388855 3.402859518210425 0.113193416432952 11.975238724940661 13.82535211660063 0.0019058819124073256 0.040718787853885066 0.005028872689284135 0.036702674511441144 193.50619122432104 196.36398122535573 6.694645769109358 6.060483996800368 7.04686926080006 0.10229649258478302 0.04792159103804254 0.03200016129772403 9.614533738431945 2.9260437533893455 95561.17809622134 41861.30219085263 3.146847451108768 125504.21150142871 42851.58134408397 6665.05855083838 26716.161396781044 66910.3073099749
LGR4 int 500 0.0065290978051285855 0.8576035620775423 1.8042505585629856e+45 0.0002008696781253521 2.5715125657822093e-05 0.06542963009751478 0.003120364767142897 0.0015842281534494765 0.09677930267153544 0.011283427094415327 21.04539031123027 17.5839579563247 0.002002459424980767 0.03159545306392822 0.004150844835593471 0.02864487226363212 193.50619122432104 196.36398122535573 6.694645769109358 6.060483996800368 7.04686926080006 0.10229649258478302 0.04792159103804254 0.03200016129772403 9.614533738431945 2.9260437533893455 95561.17809622134 41861.30219085263 3.146847451108768 125504.21150142871 42851.58134408397 6665.05855083838 26716.161396781044 66910.3073099749
LGR4 hot 500 0.010322123456657166 7.8816517406033775 9.475406650972465e+46 0.00047358568198745094 0.000229317780523268 0.11571258531182871 0.029136878692602595 0.08153976798308582 0.23408137777546756 0.10023000771284649 86.0703243547135 154.31373121366786 0.004950308780322414 0.16053141025770368 0.024418931838004598 0.07720109157554773 193.50619122432104 196.36398122535573 6.694645769109358 6.060483996800368 7.04686926080006 0.10229649258478302 0.04792159103804254 0.03200016129772403 9.614533738431945 2.9260437533893455 95561.17809622134 41861.30219085263 3.146847451108768 125504.21150142871 42851.58134408397 6665.05855083838 26716.161396781044 66910.3073099749
LGR8 cool 500 0.04005839981592404 0.9817022428049137 4.405117321977704e+44 0.0008659908500743182 1.1235100738982138e-05 14.241770875902104 0.08381395887180593 0.007753391801734977 14.792003645210931 0.10498296813101197 8.639426869319202 9.93991055538062 0.0006660787567323905 0.011434905215271976 0.00136611524802762 0.01193580069980389 218.64870974734924 221.8527766122149 4.804351420566866 3.627556367341688 4.925617192303984 0.0030189098355285072 0.001998337492530023 0.0012237578128319031 0.7989894330841049 0.20240609233711562 4812.946892979158 1194.446261737615 0.26975550734659254 4423.491667510513 1200.4205196233227 11854.067630665159 35131.67666981679 88365.82486349225
LGR8 int 500 0.0008772111823680763 0.09259508308070664 1.739144219376915e+44 2.0645516515447563e-05 1.753203611789273e-06 0.23878222858227305 0.008244868276440661 0.003673333105916316 0.2618762446032244 0.018563213199925106 23.522882849005484 23.991143245097568 0.0018293530647966517 0.07649292159601567 0.009576186497127112 0.05553844167950875 218.64870974734924 221.8527766122149 4.804351420566866 3.627556367341688 4.925617192303984 0.0030189098355285072 0.001998337492530023 0.0012237578128319031 0.7989894330841049 0.20240609233711562 4812.946892979158 1194.446261737615 0.26975550734659254 4423.491667510513 1200.4205196233227 11854.067630665159 35131.67666981679 88365.82486349225
LGR8 hot 500 0.0010800939875956822 0.5558015590116422 4.534395678515183e+45 3.3510580577464525e-05 1.1369944419654569e-05 0.31420830815288864 0.0560574554612689 0.10753288853651902 0.4360284648897157 0.13369365169833144 83.983584579041 154.7155252578188 0.0031421881332876563 0.15063344759450376 0.019778056873948995 0.08008521613142079 218.64870974734924 221.8527766122149 4.804351420566866 3.627556367341688 4.925617192303984 0.0030189098355285072 0.001998337492530023 0.0012237578128319031 0.7989894330841049 0.20240609233711562 4812.946892979158 1194.446261737615 0.26975550734659254 4423.491667510513 1200.4205196233227 11854.067630665159 35131.67666981679 88365.82486349225
R2 cool 1000 0.16703186671651368 20.012022486228332 3.741868516507534e+46 0.006374198843705362 0.001846002675395942 0.14763985468414925 0.007817461925467757 0.003936614302051401 0.3137357173420532 0.08101487439510509 48.32899605486641 46.66144345094106 0.0060936084118188485 0.06625279078541428 0.01215180738565027 0.04773407926697958 108.93367891928273 106.74028194737348 14.849166312095173 9.858035757154708 15.481400768025573 1.0449172833607516 0.4791783976168722 0.30746053257453065 29.72024294924429 5.6095375461743515 740733.6055743245 458210.79201472126 17.707606284588838 1469214.6953423896 469481.2010470347 9667.261668389161 38729.414682047805 96831.32326305883
R2 int 1000 0.020144577555785824 4.158189557187295 1.273059600097249e+46 0.0008669310122280412 0.0002902050401937714 0.020114736910059477 0.0017395807759464157 0.0013527648360660044 0.04761476783965437 0.013480805965780121 66.27712121380729 59.74939701926095 0.005970902694047516 0.07810777163744304 0.012934026957370432 0.049776661784552916 108.93367891928273 106.74028194737348 14.849166312095173 9.858035757154708 15.481400768025573 1.0449172833607516 0.4791783976168722 0.30746053257453065 29.72024294924429 5.6095375461743515 740733.6055743245 458210.79201472126 17.707606284588838 1469214.6953423896 469481.2010470347 9667.261668389161 38729.414682047805 96831.32326305883
R2 hot 1000 0.04348011953616121 44.955921314160655 7.734941391848988e+47 0.003137265677309465 0.0017822021478264693 0.050032392307565086 0.019223645934495263 0.08176136541060397 0.17580307621779773 0.09654152946326422 155.9595369620481 278.4294348726262 0.009234208855470088 0.19069847602567583 0.04004930136493431 0.08266747897953845 108.93367891928273 106.74028194737348 14.849166312095173 9.858035757154708 15.481400768025573 1.0449172833607516 0.4791783976168722 0.30746053257453065 29.72024294924429 5.6095375461743515 740733.6055743245 458210.79201472126 17.707606284588838 1469214.6953423896 469481.2010470347 9667.261668389161 38729.414682047805 96831.32326305883
R4 cool 1000 0.06659044727565687 5.465479345614504 6.433382464582422e+45 0.0020672118803872898 0.00041351650390417105 0.34521526739177427 0.011904517095107165 0.0038158151941140063 0.5609092340929689 0.08597520676810728 27.52557774725775 26.419289335848017 0.0024212044229546094 0.050079918829512925 0.00744535049404869 0.04237700072345537 115.47837086968231 117.02615328846275 8.326516633520848 7.3199410725452845 9.089992944007232 0.16068000463088247 0.09344893318339936 0.05837734893832546 8.452619175717567 2.246412757881436 190376.38012305053 82405.03563767663 6.5624783261377075 302470.750669843 81262.14938284142 4234.698155280157 16999.71669796205 42535.7427773095
R4 int 1000 0.007403450004527586 1.1925020870759948 2.7480793043976232e+45 0.00024339748014190284 6.268374591838494e-05 0.04604012703689215 0.002965175062892374 0.0016972529224821605 0.08190337017290383 0.014049847503075082 29.96267163746946 24.723138800458365 0.0021648268606270274 0.05847163074871101 0.00746161258666336 0.04444630398149156 115.47837086968231 117.02615328846275 8.326516633520848 7.3199410725452845 9.089992944007232 0.16068000463088247 0.09344893318339936 0.05837734893832546 8.452619175717567 2.246412757881436 190376.38012305053 82405.03563767663 6.5624783261377075 302470.750669843 81262.14938284142 4234.698155280157 16999.71669796205 42535.7427773095
R4 hot 1000 0.011247322733592389 7.819400391510314 9.004069673268672e+46 0.0005256946980048497 0.0002737233156647704 0.11215932211462878 0.022983622756956913 0.05136140918609774 0.23611486524464428 0.0786469001376602 87.39221747315119 155.4049840579932 0.003306024660906386 0.17962041319088073 0.023622736331481133 0.08937277803067245 115.47837086968231 117.02615328846275 8.326516633520848 7.3199410725452845 9.089992944007232 0.16068000463088247 0.09344893318339936 0.05837734893832546 8.452619175717567 2.246412757881436 190376.38012305053 82405.03563767663 6.5624783261377075 302470.750669843 81262.14938284142 4234.698155280157 16999.71669796205 42535.7427773095
R8 cool 1000 0.004522240753489977 0.18950985807706888 1.2623027675178961e+44 0.00010438407916617993 6.887405975023255e-06 1.8838386647684795 0.027051078599866562 0.0041314960235249954 2.091736006679424 0.13349728732722008 15.223222280664556 14.676724805641083 0.0008506838733164699 0.022229706440057374 0.002783180870265371 0.020404429196459135 95.76887024182327 93.4080225203925 3.1804912254967506 1.618323927554126 3.461796728568263 0.003509093921488071 0.0018953546805013607 0.0013913821599619998 0.8958900311079586 0.25136660741982286 4371.845274251732 2629.834167149538 0.2940521035508978 4211.270976854283 2549.6768560633773 11571.493547774962 16345.908949996521 41180.888324233754
R8 int 1000 0.00047838791717209244 0.04833227357124525 8.951236979921088e+43 1.146382535566132e-05 1.236694747619137e-06 0.1934209167209285 0.00708859512484387 0.003100988251656654 0.22221845164492934 0.022675057378357115 14.631655243761019 15.044852166065024 0.0006794132417499485 0.013593962727765798 0.0016800103739437477 0.012458011254287154 95.76887024182327 93.4080225203925 3.1804912254967506 1.618323927554126 3.461796728568263 0.003509093921488071 0.0018953546805013607 0.0013913821599619998 0.8958900311079586 0.25136660741982286 4371.845274251732 2629.834167149538 0.2940521035508978 4211.270976854283 2549.6768560633773 11571.493547774962 16345.908949996521 41180.888324233754
