tables/table-mean.ecsv
# %ECSV 0.9
# ---
# datatype:
# - {name: model, datatype: string}
# - {name: phase, datatype: string}
# - {name: z, datatype: string}
# - {name: mass, unit: solMass / (kpc2 yr), datatype: float64}
# - {name: mom, unit: km solMass / (kpc2 s yr), datatype: float64}
# - {name: energy, unit: erg / (kpc2 yr), datatype: float64}
# - {name: metal, unit: solMass / (kpc2 yr), datatype: float64}
# - {name: metal_sn, unit: solMass / (kpc2 yr), datatype: float64}
# - {name: mass_loading, datatype: float64}
# - {name: mom_loading, datatype: float64}
# - {name: energy_loading, datatype: float64}
# - {name: metal_loading, datatype: float64}
# - {name: metal_sn_loading, datatype: float64}
# - {name: vout_flux, unit: km / s, datatype: float64}
# - {name: vB, unit: km / s, datatype: float64}
# - {name: Z, datatype: float64}
# - {name: enrichment, datatype: float64}
# - {name: fmass_sn, datatype: float64}
# - {name: fmetal_sn, datatype: float64}
# - {name: H, unit: pc, datatype: float64}
# - {name: H_2p, unit: pc, datatype: float64}
# - {name: v3, unit: km / s, datatype: float64}
# - {name: v3_2p, unit: km / s, datatype: float64}
# - {name: sigma_eff, unit: km / s, datatype: float64}
# - {name: sfr10, unit: solMass / (kpc2 yr), datatype: float64}
# - {name: sfr40, unit: solMass / (kpc2 yr), datatype: float64}
# - {name: sfr100, unit: solMass / (kpc2 yr), datatype: float64}
# - {name: surf, unit: solMass / pc2, datatype: float64}
# - {name: nmid, unit: 1 / cm3, datatype: float64}
# - {name: Pmid, unit: K / cm3, datatype: float64}
# - {name: W, unit: K / cm3, datatype: float64}
# - {name: nmid_2p, unit: 1 / cm3, datatype: float64}
# - {name: Pmid_2p, unit: K / cm3, datatype: float64}
# - {name: W_2p, unit: K / cm3, datatype: float64}
# - {name: tdep10, unit: Myr, datatype: float64}
# - {name: tdep40, unit: Myr, datatype: float64}
# - {name: tdep100, unit: Myr, datatype: float64}
# meta: !!omap
# - __serialized_columns__:
#     H:
#       __class__: astropy.units.quantity.Quantity
#       unit: &id001 !astropy.units.Unit {unit: pc}
#       value: !astropy.table.SerializedColumn {name: H}
#     H_2p:
#       __class__: astropy.units.quantity.Quantity
#       unit: *id001
#       value: !astropy.table.SerializedColumn {name: H_2p}
#     Pmid:
#       __class__: astropy.units.quantity.Quantity
#       unit: !astropy.units.Unit {unit: K / cm3}
#       value: !astropy.table.SerializedColumn {name: Pmid}
#     Pmid_2p:
#       __class__: astropy.units.quantity.Quantity
#       unit: !astropy.units.Unit {unit: K / cm3}
#       value: !astropy.table.SerializedColumn {name: Pmid_2p}
#     W:
#       __class__: astropy.units.quantity.Quantity
#       unit: !astropy.units.Unit {unit: K / cm3}
#       value: !astropy.table.SerializedColumn {name: W}
#     W_2p:
#       __class__: astropy.units.quantity.Quantity
#       unit: !astropy.units.Unit {unit: K / cm3}
#       value: !astropy.table.SerializedColumn {name: W_2p}
#     Z:
#       __class__: astropy.units.quantity.Quantity
#       unit: !astropy.units.Unit {unit: ''}
#       value: !astropy.table.SerializedColumn {name: Z}
#     energy:
#       __class__: astropy.units.quantity.Quantity
#       unit: !astropy.units.Unit {unit: erg / (kpc2 yr)}
#       value: !astropy.table.SerializedColumn {name: energy}
#     energy_loading:
[...]
#     surf:
#       __class__: astropy.units.quantity.Quantity
#       unit: !astropy.units.Unit {unit: solMass / pc2}
#       value: !astropy.table.SerializedColumn {name: surf}
#     tdep10:
#       __class__: astropy.units.quantity.Quantity
#       unit: &id002 !astropy.units.Unit {unit: Myr}
#       value: !astropy.table.SerializedColumn {name: tdep10}
#     tdep100:
#       __class__: astropy.units.quantity.Quantity
#       unit: *id002
#       value: !astropy.table.SerializedColumn {name: tdep100}
#     tdep40:
#       __class__: astropy.units.quantity.Quantity
#       unit: *id002
#       value: !astropy.table.SerializedColumn {name: tdep40}
#     v3:
#       __class__: astropy.units.quantity.Quantity
#       unit: !astropy.units.Unit {unit: km / s}
#       value: !astropy.table.SerializedColumn {name: v3}
#     v3_2p:
#       __class__: astropy.units.quantity.Quantity
#       unit: !astropy.units.Unit {unit: km / s}
#       value: !astropy.table.SerializedColumn {name: v3_2p}
#     vB:
#       __class__: astropy.units.quantity.Quantity
#       unit: !astropy.units.Unit {unit: km / s}
#       value: !astropy.table.SerializedColumn {name: vB}
#     vout_flux:
#       __class__: astropy.units.quantity.Quantity
#       unit: !astropy.units.Unit {unit: km / s}
#       value: !astropy.table.SerializedColumn {name: vout_flux}
# schema: astropy-2.0
model phase z mass mom energy metal metal_sn mass_loading mom_loading energy_loading metal_loading metal_sn_loading vout_flux vB Z enrichment fmass_sn fmetal_sn H H_2p v3 v3_2p sigma_eff sfr10 sfr40 sfr100 surf nmid Pmid W nmid_2p Pmid_2p W_2p tdep10 tdep40 tdep100
[from data line 72]
R16 cool 1000 0.003953224263273335 0.07238518348348912 1.971565137228424e+43 8.000064950678224e-05 1.1061234728047093e-08 40.740459157365564 0.260701098105746 0.019403897360253643 39.36781906088698 0.005443164399894536 9.810851038303928 21.557691727747457 0.020216438987483914 0.9977413737858166 7.937533049006032e-05 0.0009028819837495466 695.3024099341668 686.2676552613524 6.471892034919495 6.0298505528203785 9.82063877636572 5.208397959122486e-05 5.309945962125398e-05 4.533347805825226e-05 2.4637463644607505 0.07341970013708972 668.0876682894535 636.8055233870949 0.0884320941623626 647.1932709434409 633.9492602061046 1305096.8456818634 38680.4593262995 73376.0603463971
R16 int 1000 3.525863151627714e-05 0.0034952658866468952 3.737604538186052e+42 7.59286554538969e-07 4.763441902562211e-08 0.3633623446508153 0.011440430755021698 0.0036785036143483895 0.37364016265793326 0.02344059955553466 33.390866257877065 96.66071555730404 0.021854346825850277 1.0789374635642142 0.007037569084175157 0.07881219286175413 695.3024099341668 686.2676552613524 6.471892034919495 6.0298505528203785 9.82063877636572 5.208397959122486e-05 5.309945962125398e-05 4.533347805825226e-05 2.4637463644607505 0.07341970013708972 668.0876682894535 636.8055233870949 0.0884320941623626 647.1932709434409 633.9492602061046 1305096.8456818634 38680.4593262995 73376.0603463971
R16 hot 1000 1.1866969869040002e-05 0.010471677215244423 4.444846446682849e+43 3.659666647547062e-07 1.3892130200362473e-07 0.1222965784569465 0.03415016211824503 0.043745622503127864 0.18008990588455345 0.06836230349002212 118.10407971042176 489.8947858737918 0.030154509146258123 1.4882260777248344 0.03944578136261618 0.3346992716879006 695.3024099341668 686.2676552613524 6.471892034919495 6.0298505528203785 9.82063877636572 5.208397959122486e-05 5.309945962125398e-05 4.533347805825226e-05 2.4637463644607505 0.07341970013708972 668.0876682894535 636.8055233870949 0.0884320941623626 647.1932709434409 633.9492602061046 1305096.8456818634 38680.4593262995 73376.0603463971
LGR2 cool 1000 0.16930253792125208 14.986986573680007 1.979726579268573e+46 0.00631818375512788 0.000894057474058033 0.35653343738418664 0.011951503871721116 0.003981487744699728 0.6353344813680427 0.08990329556858319 80.02249247119451 103.67289102902035 0.037188372145632954 1.1513287994132975 0.02903384630487754 0.15556384669882656 318.3247224506862 312.6984253821342 31.206083271438622 24.836350056841482 40.39249692378447 0.46852893468979406 0.4503531290710355 0.42203918343587526 89.17180741689104 5.208660714823166 824353.860416033 874709.9767106301 12.887125589143343 946489.149131748 862734.4004296429 1152.7970393476874 3725.099728407203 9030.080360849905
LGR2 int 1000 0.013134643272067082 2.338554011685367 6.001842607930227e+45 0.0005310548072657974 0.00012145990011841624 0.02766018496889479 0.0018645581058862307 0.0012070486419351672 0.053401015802743486 0.012213583149764907 138.98172194249233 194.53670098835002 0.0397461195987252 1.233207766641565 0.04406582044146243 0.22287959194306234 318.3247224506862 312.6984253821342 31.206083271438622 24.836350056841482 40.39249692378447 0.46852893468979406 0.4503531290710355 0.42203918343587526 89.17180741689104 5.208660714823166 824353.860416033 874709.9767106301 12.887125589143343 946489.149131748 862734.4004296429 1152.7970393476874 3725.099728407203 9030.080360849905
LGR2 hot 1000 0.02538794800914111 16.706256208301628 1.859460276895257e+47 0.0013472561832744343 0.0006231524787317826 0.053464363162945054 0.013361940345601607 0.03739616562075801 0.13547537419687258 0.06266203583695137 328.105708427895 703.2163678309867 0.04929922035093813 1.5329873766393927 0.10109175622005558 0.4013268990761274 318.3247224506862 312.6984253821342 31.206083271438622 24.836350056841482 40.39249692378447 0.46852893468979406 0.4503531290710355 0.42203918343587526 89.17180741689104 5.208660714823166 824353.860416033 874709.9767106301 12.887125589143343 946489.149131748 862734.4004296429 1152.7970393476874 3725.099728407203 9030.080360849905
LGR4 cool 1000 0.0915601910367616 4.778564186555839 3.5541775993297643e+45 0.002626046956604417 0.00015551442283774443 1.0190995838044248 0.019962660454612834 0.0037779171624971485 1.3956798147551914 0.08265211721065178 48.302019185693894 64.94232469561611 0.029314613311004552 1.0880102416204065 0.01329171290024702 0.0930673227372254 387.3250260421575 382.9179945089562 22.58755117255205 18.804617172038505 27.852966334259506 0.08887609150098501 0.08433438389718234 0.07486230009272679 43.47297442039376 2.1630342696230036 162340.85135458564 166252.7919580142 5.204134658181372 195447.94867745842 164130.98083385068 2222.810732191973 4783.959151098817 11184.037791737986
LGR4 int 1000 0.004673326654378779 0.6049307230345884 1.1925537786757205e+45 0.0001446475904435709 2.025795179607905e-05 0.05201589462113891 0.0025471345768191163 0.0012676264091331397 0.07687666122166717 0.010766606567702095 93.23267428652676 152.78312243869763 0.030830091997751885 1.1447367049809418 0.022114262011654763 0.1439762911336104 387.3250260421575 382.9179945089562 22.58755117255205 18.804617172038505 27.852966334259506 0.08887609150098501 0.08433438389718234 0.07486230009272679 43.47297442039376 2.1630342696230036 162340.85135458564 166252.7919580142 5.204134658181372 195447.94867745842 164130.98083385068 2222.810732191973 4783.959151098817 11184.037791737986
LGR4 hot 1000 0.006704984552351744 3.0625130067385844 2.340070917941778e+46 0.0002502336873148296 7.975474170966528e-05 0.07462901605320238 0.012946174875254053 0.02487381070664514 0.13299309270869206 0.04238769716407688 230.32010210817353 512.8818183644739 0.036675669002694714 1.3617816835230963 0.05620809881519251 0.3007905280558631 387.3250260421575 382.9179945089562 22.58755117255205 18.804617172038505 27.852966334259506 0.08887609150098501 0.08433438389718234 0.07486230009272679 43.47297442039376 2.1630342696230036 162340.85135458564 166252.7919580142 5.204134658181372 195447.94867745842 164130.98083385068 2222.810732191973 4783.959151098817 11184.037791737986
LGR8 cool 1000 0.01207830366883847 0.4015097900383753 1.9677849375837137e+44 0.0002675189399139556 6.169284991433926e-06 3.8183075598860508 0.04667885144741045 0.005940814153617465 4.0382469502817715 0.09312647661541337 21.50713110280637 37.472070672678264 0.02225272579966152 1.0249297680443092 0.002850794236779279 0.0271124632469729 521.1116704383827 512.7009491938508 11.564050064308818 10.003416493000904 15.036975303727356 0.0029805199945048483 0.002833776994317071 0.0026050953685872675 10.907142964847779 0.37809175762066355 8930.046710549703 8615.046005973403 0.680429252700919 9422.514268629386 8555.704795893773 8922.35619104418 9669.105159656954 15550.457006722978
LGR8 int 1000 0.0005121862884058977 0.058656468984418036 9.561572345984263e+43 1.207377338044047e-05 1.0222644352891307e-06 0.16191717237047146 0.006741681376745831 0.0028866733980396735 0.18225580045898454 0.015431267182486682 52.87260049075505 127.61681537085924 0.023993081007518204 1.1034272486114662 0.011587005922382836 0.10168794734781826 521.1116704383827 512.7009491938508 11.564050064308818 10.003416493000904 15.036975303727356 0.0029805199945048483 0.002833776994317071 0.0026050953685872675 10.907142964847779 0.37809175762066355 8930.046710549703 8615.046005973403 0.680429252700919 9422.514268629386 8555.704795893773 8922.35619104418 9669.105159656954 15550.457006722978
LGR8 hot 1000 0.0004848807090382976 0.23199057666820408 1.2902814337744254e+45 1.4008070621141481e-05 3.849695252596011e-06 0.1532850744380966 0.025249904845085828 0.038954064834591934 0.21145436836491185 0.058111848522987765 144.31123206597408 402.53096285517466 0.028282528416098605 1.3029637286747968 0.030708567867842925 0.2543079047339945 521.1116704383827 512.7009491938508 11.564050064308818 10.003416493000904 15.036975303727356 0.0029805199945048483 0.002833776994317071 0.0026050953685872675 10.907142964847779 0.37809175762066355 8930.046710549703 8615.046005973403 0.680429252700919 9422.514268629386 8555.704795893773 8922.35619104418 9669.105159656954 15550.457006722978
