tables/table-std.ecsv
# %ECSV 0.9
# ---
# datatype:
# - {name: model, datatype: string}
# - {name: phase, datatype: string}
# - {name: z, datatype: string}
# - {name: mass, unit: solMass / (kpc2 yr), datatype: float64}
# - {name: mom, unit: km solMass / (kpc2 s yr), datatype: float64}
# - {name: energy, unit: erg / (kpc2 yr), datatype: float64}
# - {name: metal, unit: solMass / (kpc2 yr), datatype: float64}
# - {name: metal_sn, unit: solMass / (kpc2 yr), datatype: float64}
# - {name: mass_loading, datatype: float64}
# - {name: mom_loading, datatype: float64}
# - {name: energy_loading, datatype: float64}
# - {name: metal_loading, datatype: float64}
# - {name: metal_sn_loading, datatype: float64}
# - {name: vout_flux, unit: km / s, datatype: float64}
# - {name: vB, unit: km / s, datatype: float64}
# - {name: Z, datatype: float64}
# - {name: enrichment, datatype: float64}
# - {name: fmass_sn, datatype: float64}
# - {name: fmetal_sn, datatype: float64}
# - {name: H, unit: pc, datatype: float64}
# - {name: H_2p, unit: pc, datatype: float64}
# - {name: v3, unit: km / s, datatype: float64}
# - {name: v3_2p, unit: km / s, datatype: float64}
# - {name: sigma_eff, unit: km / s, datatype: float64}
# - {name: sfr10, unit: solMass / (kpc2 yr), datatype: float64}
# - {name: sfr40, unit: solMass / (kpc2 yr), datatype: float64}
# - {name: sfr100, unit: solMass / (kpc2 yr), datatype: float64}
# - {name: surf, unit: solMass / pc2, datatype: float64}
# - {name: nmid, unit: 1 / cm3, datatype: float64}
# - {name: Pmid, unit: K / cm3, datatype: float64}
# - {name: W, unit: K / cm3, datatype: float64}
# - {name: nmid_2p, unit: 1 / cm3, datatype: float64}
# - {name: Pmid_2p, unit: K / cm3, datatype: float64}
# - {name: W_2p, unit: K / cm3, datatype: float64}
# - {name: tdep10, unit: Myr, datatype: float64}
# - {name: tdep40, unit: Myr, datatype: float64}
# - {name: tdep100, unit: Myr, datatype: float64}
# meta: !!omap
# - __serialized_columns__:
#     H:
#       __class__: astropy.units.quantity.Quantity
#       unit: &id001 !astropy.units.Unit {unit: pc}
#       value: !astropy.table.SerializedColumn {name: H}
#     H_2p:
#       __class__: astropy.units.quantity.Quantity
#       unit: *id001
#       value: !astropy.table.SerializedColumn {name: H_2p}
#     Pmid:
#       __class__: astropy.units.quantity.Quantity
#       unit: !astropy.units.Unit {unit: K / cm3}
#       value: !astropy.table.SerializedColumn {name: Pmid}
#     Pmid_2p:
#       __class__: astropy.units.quantity.Quantity
#       unit: !astropy.units.Unit {unit: K / cm3}
#       value: !astropy.table.SerializedColumn {name: Pmid_2p}
#     W:
#       __class__: astropy.units.quantity.Quantity
#       unit: !astropy.units.Unit {unit: K / cm3}
#       value: !astropy.table.SerializedColumn {name: W}
#     W_2p:
#       __class__: astropy.units.quantity.Quantity
#       unit: !astropy.units.Unit {unit: K / cm3}
#       value: !astropy.table.SerializedColumn {name: W_2p}
#     Z:
#       __class__: astropy.units.quantity.Quantity
#       unit: !astropy.units.Unit {unit: ''}
#       value: !astropy.table.SerializedColumn {name: Z}
#     energy:
#       __class__: astropy.units.quantity.Quantity
#       unit: !astropy.units.Unit {unit: erg / (kpc2 yr)}
#       value: !astropy.table.SerializedColumn {name: energy}
#     energy_loading:
[...]
#     surf:
#       __class__: astropy.units.quantity.Quantity
#       unit: !astropy.units.Unit {unit: solMass / pc2}
#       value: !astropy.table.SerializedColumn {name: surf}
#     tdep10:
#       __class__: astropy.units.quantity.Quantity
#       unit: &id002 !astropy.units.Unit {unit: Myr}
#       value: !astropy.table.SerializedColumn {name: tdep10}
#     tdep100:
#       __class__: astropy.units.quantity.Quantity
#       unit: *id002
#       value: !astropy.table.SerializedColumn {name: tdep100}
#     tdep40:
#       __class__: astropy.units.quantity.Quantity
#       unit: *id002
#       value: !astropy.table.SerializedColumn {name: tdep40}
#     v3:
#       __class__: astropy.units.quantity.Quantity
#       unit: !astropy.units.Unit {unit: km / s}
#       value: !astropy.table.SerializedColumn {name: v3}
#     v3_2p:
#       __class__: astropy.units.quantity.Quantity
#       unit: !astropy.units.Unit {unit: km / s}
#       value: !astropy.table.SerializedColumn {name: v3_2p}
#     vB:
#       __class__: astropy.units.quantity.Quantity
#       unit: !astropy.units.Unit {unit: km / s}
#       value: !astropy.table.SerializedColumn {name: vB}
#     vout_flux:
#       __class__: astropy.units.quantity.Quantity
#       unit: !astropy.units.Unit {unit: km / s}
#       value: !astropy.table.SerializedColumn {name: vout_flux}
# schema: astropy-2.0
model phase z mass mom energy metal metal_sn mass_loading mom_loading energy_loading metal_loading metal_sn_loading vout_flux vB Z enrichment fmass_sn fmetal_sn H H_2p v3 v3_2p sigma_eff sfr10 sfr40 sfr100 surf nmid Pmid W nmid_2p Pmid_2p W_2p tdep10 tdep40 tdep100
[from data line 24]
R4 cool 2H 0.06703611679998309 5.333778798914701 6.18623587347315e+45 0.0021036820608923913 0.00039407695040497676 0.5859186725606403 0.014140574817171691 0.0035301808854683522 0.9392271320140724 0.10365052838886923 16.921665014899993 18.444846832092455 0.001963127828115524 0.06174578910107384 0.008815425368989173 0.05459391534313966 115.47837086968231 117.02615328846275 8.326516633520848 7.3199410725452845 9.089992944007232 0.16068000463088247 0.09344893318339936 0.05837734893832546 8.452619175717567 2.246412757881436 190376.38012305053 82405.03563767663 6.5624783261377075 302470.750669843 81262.14938284142 4234.698155280157 16999.71669796205 42535.7427773095
R4 int 2H 0.00720898395065427 1.167749854006956 2.749089621622152e+45 0.00023995144186969358 6.17668578135195e-05 0.0659614929155177 0.0034141718702422313 0.0018135087637859155 0.11685308998628569 0.01731217595762747 20.251787819577103 17.705653792948404 0.0016676940142730094 0.06745177433935366 0.008412681621955884 0.052734980916260984 115.47837086968231 117.02615328846275 8.326516633520848 7.3199410725452845 9.089992944007232 0.16068000463088247 0.09344893318339936 0.05837734893832546 8.452619175717567 2.246412757881436 190376.38012305053 82405.03563767663 6.5624783261377075 302470.750669843 81262.14938284142 4234.698155280157 16999.71669796205 42535.7427773095
R4 hot 2H 0.010750421396109011 7.857253761809415 9.394937762428438e+46 0.000516731831765052 0.00028026294856826423 0.12087683194691691 0.025770353677901245 0.06222518534884011 0.2556947562497224 0.08766363049192404 75.41363166769061 144.81468848869395 0.0037098844553295094 0.17763922292237458 0.02398465870741939 0.08583548879673983 115.47837086968231 117.02615328846275 8.326516633520848 7.3199410725452845 9.089992944007232 0.16068000463088247 0.09344893318339936 0.05837734893832546 8.452619175717567 2.246412757881436 190376.38012305053 82405.03563767663 6.5624783261377075 302470.750669843 81262.14938284142 4234.698155280157 16999.71669796205 42535.7427773095
R8 cool 2H 0.009098296833286694 0.3107427144700071 2.0829959856159316e+44 0.00020381190768135272 1.0076702809013382e-05 2.4415179777047653 0.028776993405456655 0.004465886023447496 2.645419159848067 0.13345820991213156 9.53460797776248 10.624400924724222 0.0007431737999929582 0.012635559093161813 0.001624957232226682 0.012695214921256134 95.76887024182327 93.4080225203925 3.1804912254967506 1.618323927554126 3.461796728568263 0.003509093921488071 0.0018953546805013607 0.0013913821599619998 0.8958900311079586 0.25136660741982286 4371.845274251732 2629.834167149538 0.2940521035508978 4211.270976854283 2549.6768560633773 11571.493547774962 16345.908949996521 41180.888324233754
R8 int 2H 0.0005483208719820744 0.05306979069371467 1.0095292318795427e+44 1.3026801142446378e-05 1.3515927316682157e-06 0.18428052766466121 0.006644704975961043 0.0029839621841784045 0.21073469742998086 0.020656170978821657 14.116967678187274 15.575889911835453 0.0007096963964155678 0.015251300597835374 0.001887138798739813 0.013980637394126532 95.76887024182327 93.4080225203925 3.1804912254967506 1.618323927554126 3.461796728568263 0.003509093921488071 0.0018953546805013607 0.0013913821599619998 0.8958900311079586 0.25136660741982286 4371.845274251732 2629.834167149538 0.2940521035508978 4211.270976854283 2549.6768560633773 11571.493547774962 16345.908949996521 41180.888324233754
R8 hot 2H 0.0004959795296436991 0.2820919509422445 2.697056643453773e+45 1.6162287111136558e-05 6.467732209817955e-06 0.1863459116148339 0.039666606985218594 0.09390274765590735 0.2956540102056434 0.11782196022890043 61.26417466103674 127.18955033291444 0.00271110027591926 0.11023628742486641 0.013906622602988887 0.06205314788366237 95.76887024182327 93.4080225203925 3.1804912254967506 1.618323927554126 3.461796728568263 0.003509093921488071 0.0018953546805013607 0.0013913821599619998 0.8958900311079586 0.25136660741982286 4371.845274251732 2629.834167149538 0.2940521035508978 4211.270976854283 2549.6768560633773 11571.493547774962 16345.908949996521 41180.888324233754
R16 cool 2H 0.0020638405028668297 0.0394852085482228 1.373427088409869e+43 4.176650064195901e-05 5.095649989987242e-08 35.66683379140057 0.2556729623810747 0.02166474051704772 34.48104766682574 0.039386099834682255 4.8697477244219005 3.9147328566590023 8.90833451022433e-05 0.0046530200197384235 0.0002945607039036892 0.0029818366048820987 302.39262220510943 300.8366204594404 2.2550609621879065 2.080621870002977 2.3558870088178887 9.295708015672751e-05 6.832358067613016e-05 4.840915827222778e-05 0.01873501649929709 0.04661829567955481 395.52625935357344 143.531995735644 0.04030752375545402 360.7053227734048 142.40733333590296 9896236.366940368 42357.834481068414 111862.84324039367
R16 int 2H 3.0979737001593654e-05 0.003484711441731396 6.677523401071912e+42 6.596741365610342e-07 5.3122526406368596e-08 0.42597207462244535 0.019123117875804122 0.009713971354282373 0.43016221553849887 0.029409622610435213 22.931464060756337 28.194169592360108 0.0009839863015818514 0.04925896428037869 0.006401049425282081 0.042995927460575185 302.39262220510943 300.8366204594404 2.2550609621879065 2.080621870002977 2.3558870088178887 9.295708015672751e-05 6.832358067613016e-05 4.840915827222778e-05 0.01873501649929709 0.04661829567955481 395.52625935357344 143.531995735644 0.04030752375545402 360.7053227734048 142.40733333590296 9896236.366940368 42357.834481068414 111862.84324039367
R16 hot 2H 1.1974998079953165e-05 0.007906210539868392 4.803179014485857e+43 3.475548481035672e-07 1.5298535875257685e-07 0.13346734299605031 0.03370204657424681 0.05484638430434628 0.19798461981118004 0.09047302891266439 70.63612951440213 221.18727033036478 0.007525353739733972 0.37483340621841754 0.0408070418020097 0.14609816260493094 302.39262220510943 300.8366204594404 2.2550609621879065 2.080621870002977 2.3558870088178887 9.295708015672751e-05 6.832358067613016e-05 4.840915827222778e-05 0.01873501649929709 0.04661829567955481 395.52625935357344 143.531995735644 0.04030752375545402 360.7053227734048 142.40733333590296 9896236.366940368 42357.834481068414 111862.84324039367
LGR2 cool 2H 0.2665173892862288 22.7775657679846 2.8432778022733826e+46 0.009890367260707472 0.0013032049419076238 0.43052182114250603 0.013708837065995032 0.004226629544007532 0.7969911310871143 0.11858302033152875 25.810610872869383 27.40945651903901 0.004327340112079807 0.03867715863561342 0.007013071711522716 0.03447730670584009 119.40132328247 121.38184090256244 9.14357059920107 7.475341231622266 8.860244722104646 0.44142015937295176 0.2788871913253419 0.20609880238810585 32.95951885361561 4.730292176822964 523245.8044548742 307833.86416708404 7.342526084507511 550585.7154372552 309819.67059909494 5477.540218580101 22028.543315953804 55116.09446233182
LGR2 int 2H 0.011852525943885705 2.2688165895641244 6.352926826936085e+45 0.00048690078071383686 0.00011503511935931024 0.028116004006206497 0.001743716129067798 0.0011314707587296393 0.05987688016100884 0.012032883859128702 33.878817800279236 29.968230568152958 0.0038951247769267545 0.0578734742300915 0.008817763553192588 0.04317013609504418 119.40132328247 121.38184090256244 9.14357059920107 7.475341231622266 8.860244722104646 0.44142015937295176 0.2788871913253419 0.20609880238810585 32.95951885361561 4.730292176822964 523245.8044548742 307833.86416708404 7.342526084507511 550585.7154372552 309819.67059909494 5477.540218580101 22028.543315953804 55116.09446233182
LGR2 hot 2H 0.019614573828542942 16.398557384743047 2.297393124983576e+47 0.0011790665554386722 0.0006581749423658888 0.08053137016444926 0.019193563636361582 0.05223797937772835 0.2060983438784417 0.07632743294425831 130.83672422818157 200.6716125966381 0.006152481882734718 0.21221650386783167 0.035018494824777834 0.09553334928613628 119.40132328247 121.38184090256244 9.14357059920107 7.475341231622266 8.860244722104646 0.44142015937295176 0.2788871913253419 0.20609880238810585 32.95951885361561 4.730292176822964 523245.8044548742 307833.86416708404 7.342526084507511 550585.7154372552 309819.67059909494 5477.540218580101 22028.543315953804 55116.09446233182
LGR4 cool 2H 0.11769071589630489 6.868223987284992 5.928308967271188e+45 0.0030717645800510465 0.00022543350501638815 0.9354977422911976 0.017858602341523363 0.0036694407160312846 1.3121828564910067 0.10576937806496195 14.547746846420047 15.065091158951574 0.0021326640330155367 0.02686886276547458 0.0038103107106494736 0.025717616566367906 193.50619122432104 196.36398122535573 6.694645769109358 6.060483996800368 7.04686926080006 0.10229649258478302 0.04792159103804254 0.03200016129772403 9.614533738431945 2.9260437533893455 95561.17809622134 41861.30219085263 3.146847451108768 125504.21150142871 42851.58134408397 6665.05855083838 26716.161396781044 66910.3073099749
LGR4 int 2H 0.005156569856282257 0.7358667801799286 1.6535028297648888e+45 0.00014802431676369217 2.215763019834929e-05 0.04840065013337172 0.0022239453422306264 0.0011776663905879706 0.07066325848733157 0.00927552166007198 32.25420228314086 27.581495885657635 0.002264118169448999 0.04544428969979698 0.006691733406672592 0.0367980260828346 193.50619122432104 196.36398122535573 6.694645769109358 6.060483996800368 7.04686926080006 0.10229649258478302 0.04792159103804254 0.03200016129772403 9.614533738431945 2.9260437533893455 95561.17809622134 41861.30219085263 3.146847451108768 125504.21150142871 42851.58134408397 6665.05855083838 26716.161396781044 66910.3073099749
LGR4 hot 2H 0.006261959868869236 3.575668441300626 3.54345014368148e+46 0.0002456848836702579 9.654653063932799e-05 0.0946497943875136 0.01962916235070087 0.04616090827006074 0.1741252798644425 0.062084988709518764 110.74753327803664 166.71097167540466 0.0033903929281502393 0.1267476437591189 0.019856959997371467 0.07095530001839317 193.50619122432104 196.36398122535573 6.694645769109358 6.060483996800368 7.04686926080006 0.10229649258478302 0.04792159103804254 0.03200016129772403 9.614533738431945 2.9260437533893455 95561.17809622134 41861.30219085263 3.146847451108768 125504.21150142871 42851.58134408397 6665.05855083838 26716.161396781044 66910.3073099749
LGR8 cool 2H 0.016028620231894622 0.676823834820838 3.983981251991794e+44 0.0003601931747228872 1.2155710393870368e-05 7.821969965883417 0.09546793185456359 0.011276551612707972 8.201668954041226 0.2977885990281528 13.763491194014845 13.396647973033836 0.0007186835984086206 0.0105980798164665 0.0014642925947292577 0.011003887341882535 218.64870974734924 221.8527766122149 4.804351420566866 3.627556367341688 4.925617192303984 0.0030189098355285072 0.001998337492530023 0.0012237578128319031 0.7989894330841049 0.20240609233711562 4812.946892979158 1194.446261737615 0.26975550734659254 4423.491667510513 1200.4205196233227 11854.067630665159 35131.67666981679 88365.82486349225
LGR8 int 2H 0.000849360043933875 0.09244526418371811 1.7091956525739972e+44 2.0175970865628843e-05 1.8256709025373796e-06 0.2176217653587609 0.008184824533620754 0.0035380024595411514 0.24260271003162373 0.021883919996369423 31.053720860472076 30.928855497970122 0.001582331744472981 0.06357170916970545 0.007815127798880791 0.053980912966839274 218.64870974734924 221.8527766122149 4.804351420566866 3.627556367341688 4.925617192303984 0.0030189098355285072 0.001998337492530023 0.0012237578128319031 0.7989894330841049 0.20240609233711562 4812.946892979158 1194.446261737615 0.26975550734659254 4423.491667510513 1200.4205196233227 11854.067630665159 35131.67666981679 88365.82486349225
LGR8 hot 2H 0.0008447604775180005 0.3746024874753761 2.7088503996157064e+45 2.4993898685829427e-05 7.36838254259192e-06 0.2382407691701058 0.03651920263143129 0.06165454320274846 0.32441900305286386 0.09213003148979544 101.7109144791424 151.6535563010349 0.0022817011063974656 0.11536382146535093 0.01574458363408374 0.06486593624304393 218.64870974734924 221.8527766122149 4.804351420566866 3.627556367341688 4.925617192303984 0.0030189098355285072 0.001998337492530023 0.0012237578128319031 0.7989894330841049 0.20240609233711562 4812.946892979158 1194.446261737615 0.26975550734659254 4423.491667510513 1200.4205196233227 11854.067630665159 35131.67666981679 88365.82486349225
R2 cool 500 0.20520766427324832 20.257144298318433 3.7231739282852885e+46 0.007338834951090525 0.0017612662369380725 0.19480670315304677 0.006840541400653587 0.002983488791343528 0.41167223262673314 0.061087394699374076 22.82250639926309 24.100606326959277 0.005107941809601345 0.0690888494614708 0.01076541399830045 0.05554074533655289 108.93367891928273 106.74028194737348 14.849166312095173 9.858035757154708 15.481400768025573 1.0449172833607516 0.4791783976168722 0.30746053257453065 29.72024294924429 5.6095375461743515 740733.6055743245 458210.79201472126 17.707606284588838 1469214.6953423896 469481.2010470347 9667.261668389161 38729.414682047805 96831.32326305883
R2 int 500 0.027671980246741758 5.184911636756154 1.591237290847606e+46 0.001026927507199049 0.00031384621484186663 0.02216977842864454 0.0015579017906654606 0.001193187628396985 0.04875103826007062 0.01053615438263378 26.135506155919586 24.386191726443506 0.005186188239290616 0.07449439249573483 0.01030358654134275 0.052455415457486256 108.93367891928273 106.74028194737348 14.849166312095173 9.858035757154708 15.481400768025573 1.0449172833607516 0.4791783976168722 0.30746053257453065 29.72024294924429 5.6095375461743515 740733.6055743245 458210.79201472126 17.707606284588838 1469214.6953423896 469481.2010470347 9667.261668389161 38729.414682047805 96831.32326305883
R2 hot 500 0.05580404598132647 66.8236978784746 1.2862659764236464e+48 0.00400325509708913 0.0027636910037501 0.04697321194856971 0.02155948418842889 0.10650231292678716 0.17466515370663552 0.111020985100684 99.91824132177796 231.7247575526784 0.008393514051515514 0.2864909689974068 0.043420721242049154 0.08007043881478815 108.93367891928273 106.74028194737348 14.849166312095173 9.858035757154708 15.481400768025573 1.0449172833607516 0.4791783976168722 0.30746053257453065 29.72024294924429 5.6095375461743515 740733.6055743245 458210.79201472126 17.707606284588838 1469214.6953423896 469481.2010470347 9667.261668389161 38729.414682047805 96831.32326305883
R4 cool 500 0.12298112252536242 8.762161958493438 9.223074146342956e+45 0.0035049747746115473 0.0005011869236612097 0.5955984214340577 0.01343073434976442 0.003273796758033739 0.9348159282123305 0.10601514916259658 14.837929630111518 15.968253062272305 0.0023339394237265844 0.04882588379935208 0.0076062966497559 0.046297456545127805 115.47837086968231 117.02615328846275 8.326516633520848 7.3199410725452845 9.089992944007232 0.16068000463088247 0.09344893318339936 0.05837734893832546 8.452619175717567 2.246412757881436 190376.38012305053 82405.03563767663 6.5624783261377075 302470.750669843 81262.14938284142 4234.698155280157 16999.71669796205 42535.7427773095
R4 int 500 0.009121293771756368 1.3835024828811546 3.251361711331852e+45 0.00027884130083732954 6.154721185252624e-05 0.06313720881903709 0.0030812964299713618 0.0016445339174894992 0.11126401520147927 0.017071175986838605 20.36722504858036 19.32080135203622 0.0020293053723941918 0.05264889203057187 0.006876934336152385 0.0438307233650383 115.47837086968231 117.02615328846275 8.326516633520848 7.3199410725452845 9.089992944007232 0.16068000463088247 0.09344893318339936 0.05837734893832546 8.452619175717567 2.246412757881436 190376.38012305053 82405.03563767663 6.5624783261377075 302470.750669843 81262.14938284142 4234.698155280157 16999.71669796205 42535.7427773095
