tables/table-mean.ecsv
# %ECSV 0.9
# ---
# datatype:
# - name: model
#   datatype: string
# - name: phase
#   datatype: string
# - name: z
#   datatype: string
# - name: mass
#   unit: solMass / (kpc2 yr)
#   datatype: float64
# - name: mom
#   unit: km solMass / (kpc2 s yr)
#   datatype: float64
# - name: energy
#   unit: erg / (kpc2 yr)
#   datatype: float64
# - name: metal
#   unit: solMass / (kpc2 yr)
#   datatype: float64
# - name: metal_sn
#   unit: solMass / (kpc2 yr)
#   datatype: float64
# - name: mass_loading
#   datatype: float64
# - name: mom_loading
#   datatype: float64
# - name: energy_loading
#   datatype: float64
# - name: metal_loading
#   datatype: float64
# - name: metal_sn_loading
#   datatype: float64
# - name: vout
#   unit: km / s
#   datatype: float64
# - name: vB
#   unit: km / s
#   datatype: float64
# - name: Z
#   datatype: float64
# - name: enrichment
#   datatype: float64
# - name: fmass_sn
#   datatype: float64
# - name: fmetal_sn
#   datatype: float64
# - name: H
#   unit: pc
#   datatype: float64
# - name: H_2p
#   unit: pc
#   datatype: float64
# - name: v3
#   unit: km / s
#   datatype: float64
# - name: v3_2p
#   unit: km / s
#   datatype: float64
# - name: sfr10
#   unit: solMass / (kpc2 yr)
#   datatype: float64
# - name: sfr40
#   unit: solMass / (kpc2 yr)
#   datatype: float64
# - name: sfr100
#   unit: solMass / (kpc2 yr)
#   datatype: float64
# - name: surf
#   unit: solMass / pc2
#   datatype: float64
# - name: nmid
#   unit: 1 / cm3
#   datatype: float64
# - name: Pmid
#   unit: K / cm3
#   datatype: float64
# - name: W
#   unit: K / cm3
#   datatype: float64
# - name: nmid_2p
#   unit: 1 / cm3
#   datatype: float64
# - name: Pmid_2p
#   unit: K / cm3
#   datatype: float64
# - name: W_2p
#   unit: K / cm3
#   datatype: float64
# - name: tdep10
#   unit: Myr
#   datatype: float64
# - name: tdep40
#   unit: Myr
#   datatype: float64
# - name: tdep100
#   unit: Myr
#   datatype: float64
# meta: !!omap
# - __serialized_columns__:
#     H:
#       __class__: astropy.units.quantity.Quantity
#       unit: &id001 !astropy.units.Unit
#         unit: pc
#       value: !astropy.table.SerializedColumn
#         name: H
#     H_2p:
#       __class__: astropy.units.quantity.Quantity
#       unit: *id001
#       value: !astropy.table.SerializedColumn
#         name: H_2p
#     Pmid:
#       __class__: astropy.units.quantity.Quantity
#       unit: !astropy.units.Unit
#         unit: K / cm3
#       value: !astropy.table.SerializedColumn
#         name: Pmid
#     Pmid_2p:
#       __class__: astropy.units.quantity.Quantity
#       unit: !astropy.units.Unit
#         unit: K / cm3
#       value: !astropy.table.SerializedColumn
#         name: Pmid_2p
#     W:
#       __class__: astropy.units.quantity.Quantity
#       unit: !astropy.units.Unit
#         unit: K / cm3
#       value: !astropy.table.SerializedColumn
#         name: W
#     W_2p:
#       __class__: astropy.units.quantity.Quantity
#       unit: !astropy.units.Unit
#         unit: K / cm3
#       value: !astropy.table.SerializedColumn
#         name: W_2p
#     energy:
#       __class__: astropy.units.quantity.Quantity
#       unit: !astropy.units.Unit
#         unit: erg / (kpc2 yr)
#       value: !astropy.table.SerializedColumn
#         name: energy
#     mass:
[...]
#       unit: !astropy.units.Unit
#         unit: solMass / pc2
#       value: !astropy.table.SerializedColumn
#         name: surf
#     tdep10:
#       __class__: astropy.units.quantity.Quantity
#       unit: &id002 !astropy.units.Unit
#         unit: Myr
#       value: !astropy.table.SerializedColumn
#         name: tdep10
#     tdep100:
#       __class__: astropy.units.quantity.Quantity
#       unit: *id002
#       value: !astropy.table.SerializedColumn
#         name: tdep100
#     tdep40:
#       __class__: astropy.units.quantity.Quantity
#       unit: *id002
#       value: !astropy.table.SerializedColumn
#         name: tdep40
#     v3:
#       __class__: astropy.units.quantity.Quantity
#       unit: !astropy.units.Unit
#         unit: km / s
#       value: !astropy.table.SerializedColumn
#         name: v3
#     v3_2p:
#       __class__: astropy.units.quantity.Quantity
#       unit: !astropy.units.Unit
#         unit: km / s
#       value: !astropy.table.SerializedColumn
#         name: v3_2p
#     vB:
#       __class__: astropy.units.quantity.Quantity
#       unit: !astropy.units.Unit
#         unit: km / s
#       value: !astropy.table.SerializedColumn
#         name: vB
#     vout:
#       __class__: astropy.units.quantity.Quantity
#       unit: !astropy.units.Unit
#         unit: km / s
#       value: !astropy.table.SerializedColumn
#         name: vout
# schema: astropy-2.0
model phase z mass mom energy metal metal_sn mass_loading mom_loading energy_loading metal_loading metal_sn_loading vout vB Z enrichment fmass_sn fmetal_sn H H_2p v3 v3_2p sfr10 sfr40 sfr100 surf nmid Pmid W nmid_2p Pmid_2p W_2p tdep10 tdep40 tdep100
R2 cool H 0.747412260046841 54.31492345544441 7.296920655496038e+46 0.02918966400971665 0.0032312162031896134 0.766766839835293 0.020354467894474034 0.0066944163509904476 1.46595519233278 0.1460652758881602 38.20826564846456 100.98602704883957 0.03876797285751635 1.1393916894857012 0.026344192995354856 0.14041092142518974 273.2994663468055 265.27609862928944 44.751524309354274 33.48573162381315 1.0128490233250682 0.9462298569908225 0.6209404312811817 90.4520295097832 8.666028462054959 1931547.6181467553 1999669.1099207122 28.33548791620517 2504334.718900553 1953626.727787721 1522.9744654874164 5654.344679684638 14081.90350080876
R2 int H 0.06317621423953475 10.33359284775956 2.828557896357906e+46 0.002585546017602583 0.0005614009141121424 0.06076478706986643 0.003707700517641459 0.002526392083291356 0.12243043028546075 0.02492523409275689 95.11228714354762 206.30025852476325 0.04163854765353476 1.2224071306519897 0.04364811472867233 0.21410396294832248 273.2994663468055 265.27609862928944 44.751524309354274 33.48573162381315 1.0128490233250682 0.9462298569908225 0.6209404312811817 90.4520295097832 8.666028462054959 1931547.6181467553 1999669.1099207122 28.33548791620517 2504334.718900553 1953626.727787721 1522.9744654874164 5654.344679684638 14081.90350080876
R2 hot H 0.13149692690057282 149.49142706356207 2.76633907478249e+48 0.009607329986206553 0.0062210395824229365 0.12642030386375205 0.05406399194507678 0.24805950243858527 0.44417361807682704 0.2806214577648379 285.42191848083826 1397.9275785791308 0.0722261488902851 2.13926659061664 0.22854312287225664 0.6276854422389476 273.2994663468055 265.27609862928944 44.751524309354274 33.48573162381315 1.0128490233250682 0.9462298569908225 0.6209404312811817 90.4520295097832 8.666028462054959 1931547.6181467553 1999669.1099207122 28.33548791620517 2504334.718900553 1953626.727787721 1522.9744654874164 5654.344679684638 14081.90350080876
R4 cool H 0.2697484227471786 12.905553596060482 1.0509748361003204e+46 0.008344294992409651 0.0004396063407539107 2.926127595688871 0.047612172670640496 0.008723593217987624 4.378817047079184 0.16743799092060327 27.61595979093645 66.98020734129108 0.03193440171586225 1.0627103950222425 0.010970633202134516 0.06939322006783354 298.6480565109715 289.15013299682505 31.88679896065182 24.44298216752751 0.13824136890042807 0.12935114507403772 0.11567460051321496 32.905142705320486 2.4129019685679367 280233.7596762385 300982.0169147311 7.465778141227856 371940.8003731755 294911.95313509007 942.6136538926158 1986.4281413235456 4600.777384861967
R4 int H 0.014369929665245468 1.9089280425420285 4.1819620589903083e+45 0.000479317720819545 7.23430022948065e-05 0.13321537770409456 0.00640205283254935 0.0034359756140368474 0.2177772846653451 0.02825641502755991 76.80089496333464 164.15535632492427 0.0340443591383809 1.1326919437362073 0.022649972916837985 0.13461691470527765 298.6480565109715 289.15013299682505 31.88679896065182 24.44298216752751 0.13824136890042807 0.12935114507403772 0.11567460051321496 32.905142705320486 2.4129019685679367 280233.7596762385 300982.0169147311 7.465778141227856 371940.8003731755 294911.95313509007 942.6136538926158 1986.4281413235456 4600.777384861967
R4 hot H 0.02662691152694328 18.651322023224765 2.237909811957015e+47 0.0012928309983893903 0.0005967175739054739 0.2671083640528415 0.06449642849544814 0.17390139005039762 0.5918991744716162 0.2354074848074573 246.46988869249262 819.4381698912161 0.04646878686511925 1.5568605502118267 0.09559198820101114 0.40071653119295536 298.6480565109715 289.15013299682505 31.88679896065182 24.44298216752751 0.13824136890042807 0.12935114507403772 0.11567460051321496 32.905142705320486 2.4129019685679367 280233.7596762385 300982.0169147311 7.465778141227856 371940.8003731755 294911.95313509007 942.6136538926158 1986.4281413235456 4600.777384861967
R8 cool H 0.03268998173852916 0.7898115651538598 4.398026283063395e+44 0.0007202263034435783 2.09681743227397e-05 6.825523704063532 0.06174426636869573 0.008568809662784612 7.202600335259359 0.21007681814623397 10.521061138488964 37.360591983981934 0.02221462755273763 1.0290140720161565 0.003515692018210724 0.0315222874295984 332.96636292730267 311.9689860579425 12.434523571750397 10.046697584271424 0.004200935249205114 0.004111178080770648 0.00402392332819 10.272284915092412 0.8641092100822654 18027.45592379986 18529.103824592898 1.287742104045569 19556.630874236376 18257.742458109664 6496.675724684511 4564.2691416241405 6896.43010944448
R8 int H 0.0012521904317968264 0.12223401638221609 2.3165912983639588e+44 2.958311568662075e-05 2.8984388214205796e-06 0.27785170155458966 0.010144087939754272 0.004765918065009538 0.3137667306746871 0.030260689268139223 44.64461915531878 134.40349909828174 0.023711219340433378 1.098417194128875 0.011903724561552257 0.09999734304606964 332.96636292730267 311.9689860579425 12.434523571750397 10.046697584271424 0.004200935249205114 0.004111178080770648 0.00402392332819 10.272284915092412 0.8641092100822654 18027.45592379986 18529.103824592898 1.287742104045569 19556.630874236376 18257.742458109664 6496.675724684511 4564.2691416241405 6896.43010944448
R8 hot H 0.0013117945632705617 0.6600578447883041 5.507252910598105e+45 4.144176577066189e-05 1.4713540758917956e-05 0.30170974490504826 0.057636322480649184 0.12057315055527136 0.4555036561237424 0.1609893831312578 153.28181506843947 596.2999586264084 0.0311940844994749 1.4435138055244068 0.05387128311560455 0.33592129977917445 332.96636292730267 311.9689860579425 12.434523571750397 10.046697584271424 0.004200935249205114 0.004111178080770648 0.00402392332819 10.272284915092412 0.8641092100822654 18027.45592379986 18529.103824592898 1.287742104045569 19556.630874236376 18257.742458109664 6496.675724684511 4564.2691416241405 6896.43010944448
R16 cool H 0.005474836722855782 0.08441650584742258 2.271628457969288e+43 0.00011058801874677368 3.3165764972120976e-09 82.30237386153586 0.4415726209146773 0.029893161453859552 79.31241949890833 0.0020275598203700006 5.302517839036742 19.73879879352939 0.020185083456124242 0.9963471044099125 9.251191448153676e-06 9.973824060289581e-05 695.3024099341668 686.2676552613524 6.471892034919495 6.0298505528203785 5.208397959122486e-05 5.309945962125398e-05 4.533347805825226e-05 2.4637463644607505 0.07341970013708972 668.0876682894535 636.8055233870949 0.0884320941623626 647.1932709434409 633.9492602061046 1305096.8456818634 38680.4593262995 73376.0603463971
R16 int H 3.636199394749257e-05 0.0034669845540305725 3.8159227930552146e+42 7.845652443165505e-07 5.303759235871266e-08 0.4239275269516753 0.014299260120489583 0.004291723841286333 0.4360149529827092 0.029243603688426607 24.771204892342446 96.06972082227577 0.021668435441287257 1.0697863904167273 0.0063168977134792715 0.07136641452936966 695.3024099341668 686.2676552613524 6.471892034919495 6.0298505528203785 5.208397959122486e-05 5.309945962125398e-05 4.533347805825226e-05 2.4637463644607505 0.07341970013708972 668.0876682894535 636.8055233870949 0.0884320941623626 647.1932709434409 633.9492602061046 1305096.8456818634 38680.4593262995 73376.0603463971
R16 hot H 1.4268156634858112e-05 0.011296599207730754 6.058136871476496e+43 4.479187988067285e-07 1.7685750508957134e-07 0.16618457400813877 0.04375245414103775 0.06483487016400513 0.2479075120162756 0.09720511459572981 74.5052481141274 543.3047730328719 0.031706166659298575 1.5654323480063614 0.04970952575563317 0.3632428299115689 695.3024099341668 686.2676552613524 6.471892034919495 6.0298505528203785 5.208397959122486e-05 5.309945962125398e-05 4.533347805825226e-05 2.4637463644607505 0.07341970013708972 668.0876682894535 636.8055233870949 0.0884320941623626 647.1932709434409 633.9492602061046 1305096.8456818634 38680.4593262995 73376.0603463971
LGR2 cool H 0.5512944875090979 28.513498773502185 2.828763078643513e+46 0.01841277431898244 0.0014725409350029466 1.1420519419148265 0.02079788424083978 0.00497447725060889 1.8927742165418109 0.14291385026492343 23.432258977391733 68.63050860093809 0.034845289268708994 1.0777251161930692 0.014931754578495719 0.08454686750714485 318.3247224506862 312.6984253821342 31.206083271438622 24.836350056841482 0.46852893468979406 0.4503531290710355 0.42203918343587526 89.17180741689104 5.208660714823166 824353.860416033 874709.9767106301 12.887125589143343 946489.149131748 862734.4004296429 1152.7970393476874 3725.099728407203 9030.080360849905
LGR2 int H 0.025525784091337187 3.628284273202618 8.889753582808851e+45 0.0009684814351819824 0.0001935321652458191 0.056632348061829006 0.0029316326593069758 0.0017578974948599278 0.1059370455937245 0.019890006585263457 77.58184658053996 178.5055389413904 0.038455989506450086 1.1927582017699483 0.03637953724035145 0.19044713164081745 318.3247224506862 312.6984253821342 31.206083271438622 24.836350056841482 0.46852893468979406 0.4503531290710355 0.42203918343587526 89.17180741689104 5.208660714823166 824353.860416033 874709.9767106301 12.887125589143343 946489.149131748 862734.4004296429 1152.7970393476874 3725.099728407203 9030.080360849905
LGR2 hot H 0.05435573831007712 47.51055903230805 6.713202657084887e+47 0.0032333390168010684 0.0017878800096639844 0.13531361063816305 0.041619673841940805 0.13743104365482467 0.37240966039663254 0.18583202754905997 241.70275723667345 1014.9726761589168 0.05704530723651736 1.7827685580615555 0.14704342588347918 0.5053505335100644 318.3247224506862 312.6984253821342 31.206083271438622 24.836350056841482 0.46852893468979406 0.4503531290710355 0.42203918343587526 89.17180741689104 5.208660714823166 824353.860416033 874709.9767106301 12.887125589143343 946489.149131748 862734.4004296429 1152.7970393476874 3725.099728407203 9030.080360849905
LGR4 cool H 0.4583816784840531 14.777841623977574 8.443523841765286e+45 0.011912982699777926 0.0002069662175329456 4.614537061840456 0.054156325154704005 0.007710732802253995 5.864656341486366 0.11676223647220159 16.696773752439107 44.786977928648085 0.0276418638057043 1.02533536876066 0.004525517977296321 0.03152119986838676 387.3250260421575 382.9179945089562 22.58755117255205 18.804617172038505 0.08887609150098501 0.08433438389718234 0.07486230009272679 43.47297442039376 2.1630342696230036 162340.85135458564 166252.7919580142 5.204134658181372 195447.94867745842 164130.98083385068 2222.810732191973 4783.959151098817 11184.037791737986
LGR4 int H 0.01010511968369151 1.2212814448613991 2.512950634991877e+45 0.0003026965742923144 3.730292000561911e-05 0.11048533139910971 0.004901115595580312 0.0025197638782808837 0.15938636214237215 0.019014017684490573 64.1283441853117 152.78431551970988 0.030088934087427483 1.117453579043061 0.018106839694978765 0.12061157607333152 387.3250260421575 382.9179945089562 22.58755117255205 18.804617172038505 0.08887609150098501 0.08433438389718234 0.07486230009272679 43.47297442039376 2.1630342696230036 162340.85135458564 166252.7919580142 5.204134658181372 195447.94867745842 164130.98083385068 2222.810732191973 4783.959151098817 11184.037791737986
LGR4 hot H 0.015076414943486756 9.735752082432079 1.0455307800594155e+47 0.0006478927999222875 0.00027930257529265254 0.17604712206746176 0.04047746048011949 0.10268970347981973 0.34941156626856273 0.14003277852583898 206.1843422093524 738.534661453066 0.04076731046354346 1.5184602868531407 0.07977197443912326 0.3839087529396798 387.3250260421575 382.9179945089562 22.58755117255205 18.804617172038505 0.08887609150098501 0.08433438389718234 0.07486230009272679 43.47297442039376 2.1630342696230036 162340.85135458564 166252.7919580142 5.204134658181372 195447.94867745842 164130.98083385068 2222.810732191973 4783.959151098817 11184.037791737986
LGR8 cool H 0.03955105161897031 0.8825553727882185 3.554452178122743e+44 0.0008635128557573635 7.842911308389232e-06 11.676610813031512 0.08641688012918645 0.007913722283423847 12.145577811007488 0.11439628751628916 7.863362036983853 26.329107554544922 0.02198683912395311 1.011525111238141 0.001375933060588594 0.012742086163409192 521.1116704383827 512.7009491938508 11.564050064308818 10.003416493000904 0.0029805199945048483 0.002833776994317071 0.0026050953685872675 10.907142964847779 0.37809175762066355 8930.046710549703 8615.046005973403 0.680429252700919 9422.514268629386 8555.704795893773 8922.35619104418 9669.105159656954 15550.457006722978
LGR8 int H 0.0007280133890442609 0.07532292743557069 1.3249985891053945e+44 1.7120981668084937e-05 1.4444691887760943e-06 0.18080013160645522 0.00671398445186366 0.0028188289067838904 0.20226839270291502 0.017036508466309882 33.82950094492907 119.18041078668823 0.024372842382121913 1.1208713523229565 0.014219644854237636 0.11332981667729992 521.1116704383827 512.7009491938508 11.564050064308818 10.003416493000904 0.0029805199945048483 0.002833776994317071 0.0026050953685872675 10.907142964847779 0.37809175762066355 8930.046710549703 8615.046005973403 0.680429252700919 9422.514268629386 8555.704795893773 8922.35619104418 9669.105159656954 15550.457006722978
LGR8 hot H 0.0008817103611278858 0.46428922276816825 3.2704818044180354e+45 2.6829414508946383e-05 8.503228697177933e-06 0.20864225541815817 0.039934744792255554 0.06589540920616459 0.2970067184577565 0.09024971984770999 109.2741000628083 464.33359779500194 0.02950004062189424 1.3581753557603917 0.0393353971828501 0.2872943503769615 521.1116704383827 512.7009491938508 11.564050064308818 10.003416493000904 0.0029805199945048483 0.002833776994317071 0.0026050953685872675 10.907142964847779 0.37809175762066355 8930.046710549703 8615.046005973403 0.680429252700919 9422.514268629386 8555.704795893773 8922.35619104418 9669.105159656954 15550.457006722978
R2 cool 2H 0.3016611508197475 31.538463367689555 5.288274671596822e+46 0.012168073603449464 0.0026135641869820913 0.2884007174766623 0.011497734478259525 0.004839072160468406 0.5759082808447904 0.11566017147501825 60.309814075296885 130.25004471650834 0.041612438504305134 1.2200774245638373 0.0435499348354541 0.21239018543042837 273.2994663468055 265.27609862928944 44.751524309354274 33.48573162381315 1.0128490233250682 0.9462298569908225 0.6209404312811817 90.4520295097832 8.666028462054959 1931547.6181467553 1999669.1099207122 28.33548791620517 2504334.718900553 1953626.727787721 1522.9744654874164 5654.344679684638 14081.90350080876
R2 int 2H 0.04257267730227714 7.813514113470878 2.1936542799479007e+46 0.0018330157509758491 0.00048812670296322487 0.04047351877127636 0.0028194757215377593 0.001984402448621597 0.08596159460024398 0.021574077808930198 112.93740940301637 218.79482971495983 0.04370998007674855 1.2832092484765787 0.056219440560083385 0.2606797936905562 273.2994663468055 265.27609862928944 44.751524309354274 33.48573162381315 1.0128490233250682 0.9462298569908225 0.6209404312811817 90.4520295097832 8.666028462054959 1931547.6181467553 1999669.1099207122 28.33548791620517 2504334.718900553 1953626.727787721 1522.9744654874164 5654.344679684638 14081.90350080876
R2 hot 2H 0.08625714089811642 76.82337697869352 1.1331490234270473e+48 0.005487973465838122 0.003048693858530383 0.08356366665483249 0.028636092401223934 0.10746967024113856 0.26066294927683054 0.1427080376921051 265.2337482621149 1044.9774629717983 0.061448050824218295 1.8036383970276126 0.16394784231020612 0.5285561920798427 273.2994663468055 265.27609862928944 44.751524309354274 33.48573162381315 1.0128490233250682 0.9462298569908225 0.6209404312811817 90.4520295097832 8.666028462054959 1931547.6181467553 1999669.1099207122 28.33548791620517 2504334.718900553 1953626.727787721 1522.9744654874164 5654.344679684638 14081.90350080876
